   1.0000000e+00   0.0000000e+00   0.0000000e+00   0.0000000e+00   0.0000000e+00
   1.1000000e+01   3.5162577e-01   4.9576571e-01   5.7011447e-01   4.3869969e-01
   2.1000000e+01   3.5120731e-01   6.3915345e-01   7.4584731e-01   4.9692211e-01
   3.1000000e+01   3.3490674e-01   7.0977896e-01   8.2809221e-01   5.0573137e-01
   4.1000000e+01   3.2226930e-01   7.5281484e-01   8.7732276e-01   5.0295387e-01
   5.1000000e+01   3.1317249e-01   7.8255259e-01   9.1098077e-01   4.9672103e-01
   6.1000000e+01   3.0634205e-01   8.0489855e-01   9.3592835e-01   4.8954273e-01
   7.1000000e+01   3.0094267e-01   8.2263789e-01   9.5541677e-01   4.8233480e-01
   8.1000000e+01   2.9650143e-01   8.3723351e-01   9.7119763e-01   4.7545250e-01
   9.1000000e+01   2.9274678e-01   8.4953367e-01   9.8430825e-01   4.6902725e-01
   1.0100000e+02   2.8951289e-01   8.6007446e-01   9.9540900e-01   4.6309423e-01
   1.1100000e+02   2.8669108e-01   8.6921910e-01   1.0049448e+00   4.5764602e-01
   1.2100000e+02   2.8420535e-01   8.7722733e-01   1.0132291e+00   4.5265666e-01
   1.3100000e+02   2.8199984e-01   8.8429263e-01   1.0204912e+00   4.4809304e-01
   1.4100000e+02   2.8003179e-01   8.9056372e-01   1.0269038e+00   4.4392028e-01
   1.5100000e+02   2.7826752e-01   8.9615778e-01   1.0326004e+00   4.4010439e-01
   1.6100000e+02   2.7667989e-01   9.0116894e-01   1.0376864e+00   4.3661339e-01
   1.7100000e+02   2.7524661e-01   9.0567409e-01   1.0422465e+00   4.3341779e-01
   1.8100000e+02   2.7394912e-01   9.0973686e-01   1.0463498e+00   4.3049072e-01
   1.9100000e+02   2.7277177e-01   9.1341056e-01   1.0500535e+00   4.2780778e-01
   2.0100000e+02   2.7170125e-01   9.1674028e-01   1.0534056e+00   4.2534695e-01
   2.1100000e+02   2.7072609e-01   9.1976448e-01   1.0564465e+00   4.2308833e-01
   2.2100000e+02   2.6983640e-01   9.2251624e-01   1.0592107e+00   4.2101399e-01
   2.3100000e+02   2.6902354e-01   9.2502419e-01   1.0617280e+00   4.1910773e-01
   2.4100000e+02   2.6827994e-01   9.2731328e-01   1.0640242e+00   4.1735491e-01
   2.5100000e+02   2.6759894e-01   9.2940532e-01   1.0661215e+00   4.1574233e-01
   2.6100000e+02   2.6697463e-01   9.3131954e-01   1.0680397e+00   4.1425801e-01
   2.7100000e+02   2.6640180e-01   9.3307289e-01   1.0697960e+00   4.1289110e-01
   2.8100000e+02   2.6587575e-01   9.3468045e-01   1.0714058e+00   4.1163176e-01
   2.9100000e+02   2.6539232e-01   9.3615560e-01   1.0728827e+00   4.1047106e-01
   3.0100000e+02   2.6494775e-01   9.3751032e-01   1.0742387e+00   4.0940085e-01
   3.1100000e+02   2.6453866e-01   9.3875534e-01   1.0754847e+00   4.0841374e-01
   3.2100000e+02   2.6416203e-01   9.3990028e-01   1.0766303e+00   4.0750298e-01
   3.3100000e+02   2.6381510e-01   9.4095381e-01   1.0776844e+00   4.0666240e-01
   3.4100000e+02   2.6349538e-01   9.4192376e-01   1.0786547e+00   4.0588638e-01
   3.5100000e+02   2.6320062e-01   9.4281721e-01   1.0795485e+00   4.0516978e-01
   3.6100000e+02   2.6292875e-01   9.4364055e-01   1.0803720e+00   4.0450788e-01
   3.7100000e+02   2.6267792e-01   9.4439961e-01   1.0811313e+00   4.0389638e-01
   3.8100000e+02   2.6244642e-01   9.4509967e-01   1.0818315e+00   4.0333132e-01
   3.9100000e+02   2.6223270e-01   9.4574555e-01   1.0824774e+00   4.0280907e-01
   4.0100000e+02   2.6203533e-01   9.4634163e-01   1.0830736e+00   4.0232631e-01
   4.1100000e+02   2.6185303e-01   9.4689191e-01   1.0836239e+00   4.0187997e-01
   4.2100000e+02   2.6168461e-01   9.4740004e-01   1.0841321e+00   4.0146724e-01
   4.3100000e+02   2.6152896e-01   9.4786939e-01   1.0846014e+00   4.0108555e-01
   4.4100000e+02   2.6138511e-01   9.4830300e-01   1.0850351e+00   4.0073250e-01
   4.5100000e+02   2.6125212e-01   9.4870368e-01   1.0854358e+00   4.0040592e-01
   4.6100000e+02   2.6112917e-01   9.4907401e-01   1.0858061e+00   4.0010378e-01
   4.7100000e+02   2.6101546e-01   9.4941634e-01   1.0861485e+00   3.9982423e-01
   4.8100000e+02   2.6091031e-01   9.4973285e-01   1.0864650e+00   3.9956554e-01
   4.9100000e+02   2.6081304e-01   9.5002553e-01   1.0867577e+00   3.9932615e-01
   5.0100000e+02   2.6072305e-01   9.5029621e-01   1.0870283e+00   3.9910460e-01
   5.1100000e+02   2.6063980e-01   9.5054657e-01   1.0872787e+00   3.9889954e-01
   5.2100000e+02   2.6056277e-01   9.5077818e-01   1.0875103e+00   3.9870973e-01
   5.3100000e+02   2.6049149e-01   9.5099245e-01   1.0877246e+00   3.9853402e-01
   5.4100000e+02   2.6042552e-01   9.5119071e-01   1.0879229e+00   3.9837136e-01
   5.5100000e+02   2.6036446e-01   9.5137418e-01   1.0881063e+00   3.9822077e-01
   5.6100000e+02   2.6030795e-01   9.5154396e-01   1.0882761e+00   3.9808134e-01
   5.7100000e+02   2.6025564e-01   9.5170109e-01   1.0884333e+00   3.9795225e-01
   5.8100000e+02   2.6020721e-01   9.5184654e-01   1.0885787e+00   3.9783272e-01
   5.9100000e+02   2.6016238e-01   9.5198116e-01   1.0887133e+00   3.9772204e-01
   6.0100000e+02   2.6012087e-01   9.5210579e-01   1.0888380e+00   3.9761955e-01
   6.1100000e+02   2.6008244e-01   9.5222116e-01   1.0889533e+00   3.9752464e-01
   6.2100000e+02   2.6004686e-01   9.5232798e-01   1.0890602e+00   3.9743675e-01
   6.3100000e+02   2.6001391e-01   9.5242687e-01   1.0891591e+00   3.9735535e-01
   6.4100000e+02   2.5998340e-01   9.5251844e-01   1.0892506e+00   3.9727997e-01
   6.5100000e+02   2.5995515e-01   9.5260322e-01   1.0893354e+00   3.9721015e-01
   6.6100000e+02   2.5992899e-01   9.5268173e-01   1.0894139e+00   3.9714549e-01
   6.7100000e+02   2.5990476e-01   9.5275443e-01   1.0894866e+00   3.9708560e-01
   6.8100000e+02   2.5988232e-01   9.5282176e-01   1.0895540e+00   3.9703013e-01
   6.9100000e+02   2.5986154e-01   9.5288411e-01   1.0896163e+00   3.9697875e-01
   7.0100000e+02   2.5984229e-01   9.5294185e-01   1.0896741e+00   3.9693116e-01
   7.1100000e+02   2.5982447e-01   9.5299532e-01   1.0897275e+00   3.9688708e-01
   7.2100000e+02   2.5980796e-01   9.5304485e-01   1.0897771e+00   3.9684625e-01
   7.3100000e+02   2.5979266e-01   9.5309072e-01   1.0898229e+00   3.9680844e-01
   7.4100000e+02   2.5977850e-01   9.5313320e-01   1.0898654e+00   3.9677340e-01
   7.5100000e+02   2.5976538e-01   9.5317255e-01   1.0899048e+00   3.9674095e-01
   7.6100000e+02   2.5975323e-01   9.5320900e-01   1.0899412e+00   3.9671089e-01
   7.7100000e+02   2.5974197e-01   9.5324276e-01   1.0899750e+00   3.9668305e-01
   7.8100000e+02   2.5973154e-01   9.5327403e-01   1.0900063e+00   3.9665726e-01
   7.9100000e+02   2.5972189e-01   9.5330299e-01   1.0900352e+00   3.9663336e-01
   8.0100000e+02   2.5971294e-01   9.5332982e-01   1.0900621e+00   3.9661123e-01
   8.1100000e+02   2.5970465e-01   9.5335467e-01   1.0900869e+00   3.9659073e-01
   8.2100000e+02   2.5969698e-01   9.5337769e-01   1.0901099e+00   3.9657173e-01
   8.3100000e+02   2.5968986e-01   9.5339902e-01   1.0901313e+00   3.9655414e-01
   8.4100000e+02   2.5968328e-01   9.5341877e-01   1.0901510e+00   3.9653784e-01
   8.5100000e+02   2.5967717e-01   9.5343707e-01   1.0901693e+00   3.9652274e-01
   8.6100000e+02   2.5967152e-01   9.5345402e-01   1.0901863e+00   3.9650875e-01
   8.7100000e+02   2.5966628e-01   9.5346972e-01   1.0902020e+00   3.9649579e-01
   8.8100000e+02   2.5966143e-01   9.5348427e-01   1.0902165e+00   3.9648378e-01
   8.9100000e+02   2.5965694e-01   9.5349774e-01   1.0902300e+00   3.9647266e-01
   9.0100000e+02   2.5965277e-01   9.5351023e-01   1.0902425e+00   3.9646236e-01
   9.1100000e+02   2.5964892e-01   9.5352179e-01   1.0902540e+00   3.9645281e-01
   9.2100000e+02   2.5964535e-01   9.5353250e-01   1.0902648e+00   3.9644397e-01
   9.3100000e+02   2.5964203e-01   9.5354243e-01   1.0902747e+00   3.9643578e-01
   9.4100000e+02   2.5963897e-01   9.5355162e-01   1.0902839e+00   3.9642819e-01
   9.5100000e+02   2.5963613e-01   9.5356014e-01   1.0902924e+00   3.9642116e-01
   9.6100000e+02   2.5963350e-01   9.5356803e-01   1.0903003e+00   3.9641465e-01
   9.7100000e+02   2.5963106e-01   9.5357534e-01   1.0903076e+00   3.9640861e-01
   9.8100000e+02   2.5962880e-01   9.5358211e-01   1.0903144e+00   3.9640302e-01
   9.9100000e+02   2.5962671e-01   9.5358838e-01   1.0903206e+00   3.9639784e-01
   1.0010000e+03   2.5962477e-01   9.5359419e-01   1.0903265e+00   3.9639305e-01
   1.0110000e+03   2.5962297e-01   9.5359958e-01   1.0903318e+00   3.9638860e-01
   1.0210000e+03   2.5962131e-01   9.5360456e-01   1.0903368e+00   3.9638448e-01
   1.0310000e+03   2.5961977e-01   9.5360919e-01   1.0903414e+00   3.9638067e-01
   1.0410000e+03   2.5961834e-01   9.5361347e-01   1.0903457e+00   3.9637714e-01
   1.0510000e+03   2.5961702e-01   9.5361743e-01   1.0903497e+00   3.9637386e-01
   1.0610000e+03   2.5961579e-01   9.5362111e-01   1.0903534e+00   3.9637083e-01
   1.0710000e+03   2.5961466e-01   9.5362451e-01   1.0903568e+00   3.9636802e-01
   1.0810000e+03   2.5961360e-01   9.5362766e-01   1.0903599e+00   3.9636541e-01
   1.0910000e+03   2.5961263e-01   9.5363058e-01   1.0903628e+00   3.9636300e-01
   1.1010000e+03   2.5961173e-01   9.5363329e-01   1.0903656e+00   3.9636077e-01
   1.1110000e+03   2.5961089e-01   9.5363580e-01   1.0903681e+00   3.9635870e-01
   1.1210000e+03   2.5961012e-01   9.5363812e-01   1.0903704e+00   3.9635678e-01
   1.1310000e+03   2.5960940e-01   9.5364027e-01   1.0903725e+00   3.9635500e-01
   1.1410000e+03   2.5960873e-01   9.5364227e-01   1.0903745e+00   3.9635336e-01
   1.1510000e+03   2.5960812e-01   9.5364411e-01   1.0903764e+00   3.9635183e-01
   1.1610000e+03   2.5960755e-01   9.5364582e-01   1.0903781e+00   3.9635042e-01
   1.1710000e+03   2.5960702e-01   9.5364741e-01   1.0903797e+00   3.9634911e-01
   1.1810000e+03   2.5960653e-01   9.5364888e-01   1.0903811e+00   3.9634790e-01
   1.1910000e+03   2.5960607e-01   9.5365024e-01   1.0903825e+00   3.9634677e-01
   1.2010000e+03   2.5960565e-01   9.5365150e-01   1.0903838e+00   3.9634573e-01
   1.2110000e+03   2.5960526e-01   9.5365267e-01   1.0903849e+00   3.9634477e-01
   1.2210000e+03   2.5960490e-01   9.5365375e-01   1.0903860e+00   3.9634388e-01
   1.2310000e+03   2.5960457e-01   9.5365475e-01   1.0903870e+00   3.9634305e-01
   1.2410000e+03   2.5960426e-01   9.5365568e-01   1.0903879e+00   3.9634228e-01
   1.2510000e+03   2.5960397e-01   9.5365654e-01   1.0903888e+00   3.9634157e-01
   1.2610000e+03   2.5960371e-01   9.5365734e-01   1.0903896e+00   3.9634091e-01
   1.2710000e+03   2.5960346e-01   9.5365808e-01   1.0903903e+00   3.9634030e-01
   1.2810000e+03   2.5960323e-01   9.5365876e-01   1.0903910e+00   3.9633974e-01
   1.2910000e+03   2.5960302e-01   9.5365939e-01   1.0903917e+00   3.9633922e-01
   1.3010000e+03   2.5960282e-01   9.5365998e-01   1.0903922e+00   3.9633873e-01
   1.3110000e+03   2.5960264e-01   9.5366052e-01   1.0903928e+00   3.9633828e-01
   1.3210000e+03   2.5960247e-01   9.5366103e-01   1.0903933e+00   3.9633787e-01
   1.3310000e+03   2.5960232e-01   9.5366149e-01   1.0903938e+00   3.9633748e-01
   1.3410000e+03   2.5960217e-01   9.5366193e-01   1.0903942e+00   3.9633712e-01
   1.3510000e+03   2.5960204e-01   9.5366233e-01   1.0903946e+00   3.9633679e-01
   1.3610000e+03   2.5960192e-01   9.5366270e-01   1.0903950e+00   3.9633649e-01
   1.3710000e+03   2.5960180e-01   9.5366304e-01   1.0903953e+00   3.9633620e-01
   1.3810000e+03   2.5960170e-01   9.5366336e-01   1.0903956e+00   3.9633594e-01
   1.3910000e+03   2.5960160e-01   9.5366366e-01   1.0903959e+00   3.9633569e-01
   1.4010000e+03   2.5960151e-01   9.5366393e-01   1.0903962e+00   3.9633547e-01
   1.4110000e+03   2.5960142e-01   9.5366418e-01   1.0903965e+00   3.9633526e-01
   1.4210000e+03   2.5960134e-01   9.5366442e-01   1.0903967e+00   3.9633507e-01
   1.4310000e+03   2.5960127e-01   9.5366464e-01   1.0903969e+00   3.9633489e-01
   1.4410000e+03   2.5960120e-01   9.5366484e-01   1.0903971e+00   3.9633472e-01
   1.4510000e+03   2.5960114e-01   9.5366502e-01   1.0903973e+00   3.9633457e-01
   1.4610000e+03   2.5960108e-01   9.5366520e-01   1.0903975e+00   3.9633442e-01
   1.4710000e+03   2.5960103e-01   9.5366536e-01   1.0903976e+00   3.9633429e-01
   1.4810000e+03   2.5960098e-01   9.5366551e-01   1.0903978e+00   3.9633417e-01
   1.4910000e+03   2.5960094e-01   9.5366564e-01   1.0903979e+00   3.9633405e-01
   1.5010000e+03   2.5960089e-01   9.5366577e-01   1.0903980e+00   3.9633395e-01
   1.5110000e+03   2.5960085e-01   9.5366589e-01   1.0903982e+00   3.9633385e-01
   1.5210000e+03   2.5960082e-01   9.5366600e-01   1.0903983e+00   3.9633376e-01
   1.5310000e+03   2.5960078e-01   9.5366610e-01   1.0903984e+00   3.9633368e-01
   1.5410000e+03   2.5960075e-01   9.5366619e-01   1.0903985e+00   3.9633360e-01
   1.5510000e+03   2.5960072e-01   9.5366628e-01   1.0903985e+00   3.9633353e-01
   1.5610000e+03   2.5960070e-01   9.5366636e-01   1.0903986e+00   3.9633346e-01
   1.5710000e+03   2.5960067e-01   9.5366644e-01   1.0903987e+00   3.9633340e-01
   1.5810000e+03   2.5960065e-01   9.5366650e-01   1.0903988e+00   3.9633334e-01
   1.5910000e+03   2.5960063e-01   9.5366657e-01   1.0903988e+00   3.9633329e-01
   1.6010000e+03   2.5960061e-01   9.5366663e-01   1.0903989e+00   3.9633324e-01
   1.6110000e+03   2.5960059e-01   9.5366668e-01   1.0903990e+00   3.9633320e-01
   1.6210000e+03   2.5960057e-01   9.5366673e-01   1.0903990e+00   3.9633315e-01
   1.6310000e+03   2.5960056e-01   9.5366678e-01   1.0903990e+00   3.9633312e-01
   1.6410000e+03   2.5960054e-01   9.5366682e-01   1.0903991e+00   3.9633308e-01
   1.6510000e+03   2.5960053e-01   9.5366687e-01   1.0903991e+00   3.9633305e-01
   1.6610000e+03   2.5960052e-01   9.5366690e-01   1.0903992e+00   3.9633301e-01
   1.6710000e+03   2.5960050e-01   9.5366694e-01   1.0903992e+00   3.9633299e-01
   1.6810000e+03   2.5960049e-01   9.5366697e-01   1.0903992e+00   3.9633296e-01
   1.6910000e+03   2.5960048e-01   9.5366700e-01   1.0903993e+00   3.9633294e-01
   1.7010000e+03   2.5960047e-01   9.5366703e-01   1.0903993e+00   3.9633291e-01
   1.7110000e+03   2.5960046e-01   9.5366705e-01   1.0903993e+00   3.9633289e-01
   1.7210000e+03   2.5960046e-01   9.5366708e-01   1.0903993e+00   3.9633287e-01
   1.7310000e+03   2.5960045e-01   9.5366710e-01   1.0903994e+00   3.9633285e-01
   1.7410000e+03   2.5960044e-01   9.5366712e-01   1.0903994e+00   3.9633284e-01
   1.7510000e+03   2.5960044e-01   9.5366714e-01   1.0903994e+00   3.9633282e-01
   1.7610000e+03   2.5960043e-01   9.5366716e-01   1.0903994e+00   3.9633281e-01
   1.7710000e+03   2.5960043e-01   9.5366717e-01   1.0903994e+00   3.9633279e-01
   1.7810000e+03   2.5960042e-01   9.5366719e-01   1.0903995e+00   3.9633278e-01
   1.7910000e+03   2.5960042e-01   9.5366720e-01   1.0903995e+00   3.9633277e-01
   1.8010000e+03   2.5960041e-01   9.5366721e-01   1.0903995e+00   3.9633276e-01
   1.8110000e+03   2.5960041e-01   9.5366723e-01   1.0903995e+00   3.9633275e-01
   1.8210000e+03   2.5960040e-01   9.5366724e-01   1.0903995e+00   3.9633274e-01
   1.8310000e+03   2.5960040e-01   9.5366725e-01   1.0903995e+00   3.9633273e-01
   1.8410000e+03   2.5960040e-01   9.5366726e-01   1.0903995e+00   3.9633272e-01
   1.8510000e+03   2.5960039e-01   9.5366726e-01   1.0903995e+00   3.9633272e-01
   1.8610000e+03   2.5960039e-01   9.5366727e-01   1.0903995e+00   3.9633271e-01
   1.8710000e+03   2.5960039e-01   9.5366728e-01   1.0903995e+00   3.9633270e-01
   1.8810000e+03   2.5960039e-01   9.5366729e-01   1.0903996e+00   3.9633270e-01
   1.8910000e+03   2.5960038e-01   9.5366729e-01   1.0903996e+00   3.9633269e-01
   1.9010000e+03   2.5960038e-01   9.5366730e-01   1.0903996e+00   3.9633269e-01
   1.9110000e+03   2.5960038e-01   9.5366731e-01   1.0903996e+00   3.9633268e-01
   1.9210000e+03   2.5960038e-01   9.5366731e-01   1.0903996e+00   3.9633268e-01
   1.9310000e+03   2.5960038e-01   9.5366732e-01   1.0903996e+00   3.9633267e-01
   1.9410000e+03   2.5960038e-01   9.5366732e-01   1.0903996e+00   3.9633267e-01
   1.9510000e+03   2.5960037e-01   9.5366732e-01   1.0903996e+00   3.9633267e-01
   1.9610000e+03   2.5960037e-01   9.5366733e-01   1.0903996e+00   3.9633266e-01
   1.9710000e+03   2.5960037e-01   9.5366733e-01   1.0903996e+00   3.9633266e-01
   1.9810000e+03   2.5960037e-01   9.5366733e-01   1.0903996e+00   3.9633266e-01
   1.9910000e+03   2.5960037e-01   9.5366734e-01   1.0903996e+00   3.9633266e-01
   2.0010000e+03   2.5960037e-01   9.5366734e-01   1.0903996e+00   3.9633265e-01
   2.0110000e+03   2.5960037e-01   9.5366734e-01   1.0903996e+00   3.9633265e-01
   2.0210000e+03   2.5960037e-01   9.5366735e-01   1.0903996e+00   3.9633265e-01
   2.0310000e+03   2.5960037e-01   9.5366735e-01   1.0903996e+00   3.9633265e-01
   2.0410000e+03   2.5960037e-01   9.5366735e-01   1.0903996e+00   3.9633265e-01
   2.0510000e+03   2.5960037e-01   9.5366735e-01   1.0903996e+00   3.9633264e-01
   2.0610000e+03   2.5960036e-01   9.5366735e-01   1.0903996e+00   3.9633264e-01
   2.0710000e+03   2.5960036e-01   9.5366735e-01   1.0903996e+00   3.9633264e-01
   2.0810000e+03   2.5960036e-01   9.5366736e-01   1.0903996e+00   3.9633264e-01
   2.0910000e+03   2.5960036e-01   9.5366736e-01   1.0903996e+00   3.9633264e-01
   2.1010000e+03   2.5960036e-01   9.5366736e-01   1.0903996e+00   3.9633264e-01
   2.1110000e+03   2.5960036e-01   9.5366736e-01   1.0903996e+00   3.9633264e-01
   2.1210000e+03   2.5960036e-01   9.5366736e-01   1.0903996e+00   3.9633264e-01
   2.1310000e+03   2.5960036e-01   9.5366736e-01   1.0903996e+00   3.9633264e-01
   2.1410000e+03   2.5960036e-01   9.5366736e-01   1.0903996e+00   3.9633263e-01
   2.1510000e+03   2.5960036e-01   9.5366736e-01   1.0903996e+00   3.9633263e-01
   2.1610000e+03   2.5960036e-01   9.5366736e-01   1.0903996e+00   3.9633263e-01
   2.1710000e+03   2.5960036e-01   9.5366737e-01   1.0903996e+00   3.9633263e-01
   2.1810000e+03   2.5960036e-01   9.5366737e-01   1.0903996e+00   3.9633263e-01
   2.1910000e+03   2.5960036e-01   9.5366737e-01   1.0903996e+00   3.9633263e-01
   2.2010000e+03   2.5960036e-01   9.5366737e-01   1.0903996e+00   3.9633263e-01
   2.2110000e+03   2.5960036e-01   9.5366737e-01   1.0903996e+00   3.9633263e-01
   2.2210000e+03   2.5960036e-01   9.5366737e-01   1.0903996e+00   3.9633263e-01
   2.2310000e+03   2.5960036e-01   9.5366737e-01   1.0903996e+00   3.9633263e-01
   2.2410000e+03   2.5960036e-01   9.5366737e-01   1.0903996e+00   3.9633263e-01
   2.2510000e+03   2.5960036e-01   9.5366737e-01   1.0903996e+00   3.9633263e-01
   2.2610000e+03   2.5960036e-01   9.5366737e-01   1.0903996e+00   3.9633263e-01
   2.2710000e+03   2.5960036e-01   9.5366737e-01   1.0903996e+00   3.9633263e-01
   2.2810000e+03   2.5960036e-01   9.5366737e-01   1.0903996e+00   3.9633263e-01
   2.2910000e+03   2.5960036e-01   9.5366737e-01   1.0903996e+00   3.9633263e-01
   2.3010000e+03   2.5960036e-01   9.5366737e-01   1.0903996e+00   3.9633263e-01
   2.3110000e+03   2.5960036e-01   9.5366737e-01   1.0903996e+00   3.9633263e-01
   2.3210000e+03   2.5960036e-01   9.5366737e-01   1.0903996e+00   3.9633263e-01
   2.3310000e+03   2.5960036e-01   9.5366737e-01   1.0903996e+00   3.9633263e-01
   2.3410000e+03   2.5960036e-01   9.5366737e-01   1.0903996e+00   3.9633263e-01
   2.3510000e+03   2.5960036e-01   9.5366737e-01   1.0903996e+00   3.9633263e-01
   2.3610000e+03   2.5960036e-01   9.5366737e-01   1.0903996e+00   3.9633263e-01
   2.3710000e+03   2.5960036e-01   9.5366737e-01   1.0903996e+00   3.9633263e-01
   2.3810000e+03   2.5960036e-01   9.5366737e-01   1.0903996e+00   3.9633263e-01
   2.3910000e+03   2.5960036e-01   9.5366737e-01   1.0903996e+00   3.9633263e-01
   2.4010000e+03   2.5960036e-01   9.5366737e-01   1.0903996e+00   3.9633263e-01
   2.4110000e+03   2.5960036e-01   9.5366737e-01   1.0903996e+00   3.9633263e-01
   2.4210000e+03   2.5960036e-01   9.5366737e-01   1.0903996e+00   3.9633263e-01
   2.4310000e+03   2.5960036e-01   9.5366737e-01   1.0903996e+00   3.9633263e-01
   2.4410000e+03   2.5960036e-01   9.5366737e-01   1.0903996e+00   3.9633263e-01
   2.4510000e+03   2.5960036e-01   9.5366737e-01   1.0903996e+00   3.9633263e-01
   2.4610000e+03   2.5960036e-01   9.5366737e-01   1.0903996e+00   3.9633263e-01
   2.4710000e+03   2.5960036e-01   9.5366737e-01   1.0903996e+00   3.9633263e-01
   2.4810000e+03   2.5960036e-01   9.5366737e-01   1.0903996e+00   3.9633263e-01
   2.4910000e+03   2.5960036e-01   9.5366737e-01   1.0903996e+00   3.9633263e-01
   2.5010000e+03   2.5960036e-01   9.5366737e-01   1.0903996e+00   3.9633263e-01
   2.5110000e+03   2.5960036e-01   9.5366737e-01   1.0903996e+00   3.9633263e-01
   2.5210000e+03   2.5960036e-01   9.5366737e-01   1.0903996e+00   3.9633263e-01
   2.5310000e+03   2.5960036e-01   9.5366737e-01   1.0903996e+00   3.9633263e-01
   2.5410000e+03   2.5960036e-01   9.5366737e-01   1.0903996e+00   3.9633263e-01
   2.5510000e+03   2.5960036e-01   9.5366737e-01   1.0903996e+00   3.9633263e-01
   2.5610000e+03   2.5960036e-01   9.5366737e-01   1.0903996e+00   3.9633263e-01
   2.5710000e+03   2.5960036e-01   9.5366737e-01   1.0903996e+00   3.9633263e-01
   2.5810000e+03   2.5960036e-01   9.5366737e-01   1.0903996e+00   3.9633263e-01
   2.5910000e+03   2.5960036e-01   9.5366737e-01   1.0903996e+00   3.9633263e-01
   2.6010000e+03   2.5960036e-01   9.5366737e-01   1.0903996e+00   3.9633263e-01
   2.6110000e+03   2.5960036e-01   9.5366737e-01   1.0903996e+00   3.9633263e-01
   2.6210000e+03   2.5960036e-01   9.5366737e-01   1.0903996e+00   3.9633263e-01
   2.6310000e+03   2.5960036e-01   9.5366737e-01   1.0903996e+00   3.9633262e-01
   2.6410000e+03   2.5960036e-01   9.5366737e-01   1.0903996e+00   3.9633262e-01
   2.6510000e+03   2.5960036e-01   9.5366738e-01   1.0903996e+00   3.9633262e-01
   2.6610000e+03   2.5960036e-01   9.5366738e-01   1.0903996e+00   3.9633262e-01
   2.6710000e+03   2.5960036e-01   9.5366738e-01   1.0903996e+00   3.9633262e-01
   2.6810000e+03   2.5960036e-01   9.5366738e-01   1.0903996e+00   3.9633262e-01
   2.6910000e+03   2.5960036e-01   9.5366738e-01   1.0903996e+00   3.9633262e-01
   2.7010000e+03   2.5960036e-01   9.5366738e-01   1.0903996e+00   3.9633262e-01
   2.7110000e+03   2.5960036e-01   9.5366738e-01   1.0903996e+00   3.9633262e-01
   2.7210000e+03   2.5960036e-01   9.5366738e-01   1.0903996e+00   3.9633262e-01
   2.7310000e+03   2.5960036e-01   9.5366738e-01   1.0903996e+00   3.9633262e-01
   2.7410000e+03   2.5960036e-01   9.5366738e-01   1.0903996e+00   3.9633262e-01
   2.7510000e+03   2.5960036e-01   9.5366738e-01   1.0903996e+00   3.9633262e-01
   2.7610000e+03   2.5960036e-01   9.5366738e-01   1.0903996e+00   3.9633262e-01
   2.7710000e+03   2.5960036e-01   9.5366738e-01   1.0903996e+00   3.9633262e-01
   2.7810000e+03   2.5960036e-01   9.5366738e-01   1.0903996e+00   3.9633262e-01
   2.7910000e+03   2.5960036e-01   9.5366738e-01   1.0903996e+00   3.9633262e-01
   2.8010000e+03   2.5960036e-01   9.5366738e-01   1.0903996e+00   3.9633262e-01
   2.8110000e+03   2.5960036e-01   9.5366738e-01   1.0903996e+00   3.9633262e-01
   2.8210000e+03   2.5960036e-01   9.5366738e-01   1.0903996e+00   3.9633262e-01
   2.8310000e+03   2.5960036e-01   9.5366738e-01   1.0903996e+00   3.9633262e-01
   2.8410000e+03   2.5960036e-01   9.5366738e-01   1.0903996e+00   3.9633262e-01
   2.8510000e+03   2.5960036e-01   9.5366738e-01   1.0903996e+00   3.9633262e-01
   2.8610000e+03   2.5960036e-01   9.5366738e-01   1.0903996e+00   3.9633262e-01
   2.8710000e+03   2.5960036e-01   9.5366738e-01   1.0903996e+00   3.9633262e-01
   2.8810000e+03   2.5960036e-01   9.5366738e-01   1.0903996e+00   3.9633262e-01
   2.8910000e+03   2.5960036e-01   9.5366738e-01   1.0903996e+00   3.9633262e-01
   2.9010000e+03   2.5960036e-01   9.5366738e-01   1.0903996e+00   3.9633262e-01
   2.9110000e+03   2.5960036e-01   9.5366738e-01   1.0903996e+00   3.9633262e-01
   2.9210000e+03   2.5960036e-01   9.5366738e-01   1.0903996e+00   3.9633262e-01
   2.9310000e+03   2.5960036e-01   9.5366738e-01   1.0903996e+00   3.9633262e-01
   2.9410000e+03   2.5960036e-01   9.5366738e-01   1.0903996e+00   3.9633262e-01
   2.9510000e+03   2.5960036e-01   9.5366738e-01   1.0903996e+00   3.9633262e-01
   2.9610000e+03   2.5960036e-01   9.5366738e-01   1.0903996e+00   3.9633262e-01
   2.9710000e+03   2.5960036e-01   9.5366738e-01   1.0903996e+00   3.9633262e-01
   2.9810000e+03   2.5960036e-01   9.5366738e-01   1.0903996e+00   3.9633262e-01
   2.9910000e+03   2.5960036e-01   9.5366738e-01   1.0903996e+00   3.9633262e-01
   3.0010000e+03   2.5960036e-01   9.5366738e-01   1.0903996e+00   3.9633262e-01
   3.0110000e+03   2.5960036e-01   9.5366738e-01   1.0903996e+00   3.9633262e-01
   3.0210000e+03   2.5960036e-01   9.5366738e-01   1.0903996e+00   3.9633262e-01
   3.0310000e+03   2.5960036e-01   9.5366738e-01   1.0903996e+00   3.9633262e-01
   3.0410000e+03   2.5960036e-01   9.5366738e-01   1.0903996e+00   3.9633262e-01
   3.0510000e+03   2.5960036e-01   9.5366738e-01   1.0903996e+00   3.9633262e-01
   3.0610000e+03   2.5960036e-01   9.5366738e-01   1.0903996e+00   3.9633262e-01
   3.0710000e+03   2.5960036e-01   9.5366738e-01   1.0903996e+00   3.9633262e-01
   3.0810000e+03   2.5960036e-01   9.5366738e-01   1.0903996e+00   3.9633262e-01
   3.0910000e+03   2.5960036e-01   9.5366738e-01   1.0903996e+00   3.9633262e-01
   3.1010000e+03   2.5960036e-01   9.5366738e-01   1.0903996e+00   3.9633262e-01
   3.1110000e+03   2.5960036e-01   9.5366738e-01   1.0903996e+00   3.9633262e-01
   3.1210000e+03   2.5960036e-01   9.5366738e-01   1.0903996e+00   3.9633262e-01
   3.1310000e+03   2.5960036e-01   9.5366738e-01   1.0903996e+00   3.9633262e-01
   3.1410000e+03   2.5960036e-01   9.5366738e-01   1.0903996e+00   3.9633262e-01
   3.1510000e+03   2.5960036e-01   9.5366738e-01   1.0903996e+00   3.9633262e-01
   3.1610000e+03   2.5960036e-01   9.5366738e-01   1.0903996e+00   3.9633262e-01
   3.1710000e+03   2.5960036e-01   9.5366738e-01   1.0903996e+00   3.9633262e-01
   3.1810000e+03   2.5960036e-01   9.5366738e-01   1.0903996e+00   3.9633262e-01
   3.1910000e+03   2.5960036e-01   9.5366738e-01   1.0903996e+00   3.9633262e-01
   3.2010000e+03   2.5960036e-01   9.5366738e-01   1.0903996e+00   3.9633262e-01
   3.2110000e+03   2.5960036e-01   9.5366738e-01   1.0903996e+00   3.9633262e-01
   3.2210000e+03   2.5960036e-01   9.5366738e-01   1.0903996e+00   3.9633262e-01
   3.2310000e+03   2.5960036e-01   9.5366738e-01   1.0903996e+00   3.9633262e-01
   3.2410000e+03   2.5960036e-01   9.5366738e-01   1.0903996e+00   3.9633262e-01
   3.2510000e+03   2.5960036e-01   9.5366738e-01   1.0903996e+00   3.9633262e-01
   3.2610000e+03   2.5960036e-01   9.5366738e-01   1.0903996e+00   3.9633262e-01
   3.2710000e+03   2.5960036e-01   9.5366738e-01   1.0903996e+00   3.9633262e-01
   3.2810000e+03   2.5960036e-01   9.5366738e-01   1.0903996e+00   3.9633262e-01
   3.2910000e+03   2.5960036e-01   9.5366738e-01   1.0903996e+00   3.9633262e-01
   3.3010000e+03   2.5960036e-01   9.5366738e-01   1.0903996e+00   3.9633262e-01
   3.3110000e+03   2.5960036e-01   9.5366738e-01   1.0903996e+00   3.9633262e-01
   3.3210000e+03   2.5960036e-01   9.5366738e-01   1.0903996e+00   3.9633262e-01
   3.3310000e+03   2.5960036e-01   9.5366738e-01   1.0903996e+00   3.9633262e-01
   3.3410000e+03   2.5960036e-01   9.5366738e-01   1.0903996e+00   3.9633262e-01
   3.3510000e+03   2.5960036e-01   9.5366738e-01   1.0903996e+00   3.9633262e-01
   3.3610000e+03   2.5960036e-01   9.5366738e-01   1.0903996e+00   3.9633262e-01
   3.3710000e+03   2.5960036e-01   9.5366738e-01   1.0903996e+00   3.9633262e-01
   3.3810000e+03   2.5960036e-01   9.5366738e-01   1.0903996e+00   3.9633262e-01
   3.3910000e+03   2.5960036e-01   9.5366738e-01   1.0903996e+00   3.9633262e-01
   3.4010000e+03   2.5960036e-01   9.5366738e-01   1.0903996e+00   3.9633262e-01
   3.4110000e+03   2.5960036e-01   9.5366738e-01   1.0903996e+00   3.9633262e-01
   3.4210000e+03   2.5960036e-01   9.5366738e-01   1.0903996e+00   3.9633262e-01
   3.4310000e+03   2.5960036e-01   9.5366738e-01   1.0903996e+00   3.9633262e-01
   3.4410000e+03   2.5960036e-01   9.5366738e-01   1.0903996e+00   3.9633262e-01
   3.4510000e+03   2.5960036e-01   9.5366738e-01   1.0903996e+00   3.9633262e-01
   3.4610000e+03   2.5960036e-01   9.5366738e-01   1.0903996e+00   3.9633262e-01
   3.4710000e+03   2.5960036e-01   9.5366738e-01   1.0903996e+00   3.9633262e-01
   3.4810000e+03   2.5960036e-01   9.5366738e-01   1.0903996e+00   3.9633262e-01
   3.4910000e+03   2.5960036e-01   9.5366738e-01   1.0903996e+00   3.9633262e-01
   3.5010000e+03   2.5960036e-01   9.5366738e-01   1.0903996e+00   3.9633262e-01
   3.5110000e+03   2.5960036e-01   9.5366738e-01   1.0903996e+00   3.9633262e-01
   3.5210000e+03   2.5960036e-01   9.5366738e-01   1.0903996e+00   3.9633262e-01
   3.5310000e+03   2.5960036e-01   9.5366738e-01   1.0903996e+00   3.9633262e-01
   3.5410000e+03   2.5960036e-01   9.5366738e-01   1.0903996e+00   3.9633262e-01
   3.5510000e+03   2.5960036e-01   9.5366738e-01   1.0903996e+00   3.9633262e-01
   3.5610000e+03   2.5960036e-01   9.5366738e-01   1.0903996e+00   3.9633262e-01
   3.5710000e+03   2.5960036e-01   9.5366738e-01   1.0903996e+00   3.9633262e-01
   3.5810000e+03   2.5960036e-01   9.5366738e-01   1.0903996e+00   3.9633262e-01
   3.5910000e+03   2.5960036e-01   9.5366738e-01   1.0903996e+00   3.9633262e-01
   3.6010000e+03   2.5960036e-01   9.5366738e-01   1.0903996e+00   3.9633262e-01
   3.6110000e+03   2.5960036e-01   9.5366738e-01   1.0903996e+00   3.9633262e-01
   3.6210000e+03   2.5960036e-01   9.5366738e-01   1.0903996e+00   3.9633262e-01
   3.6310000e+03   2.5960036e-01   9.5366738e-01   1.0903996e+00   3.9633262e-01
   3.6410000e+03   2.5960036e-01   9.5366738e-01   1.0903996e+00   3.9633262e-01
   3.6510000e+03   2.5960036e-01   9.5366738e-01   1.0903996e+00   3.9633262e-01
   3.6610000e+03   2.5960036e-01   9.5366738e-01   1.0903996e+00   3.9633262e-01
   3.6710000e+03   2.5960036e-01   9.5366738e-01   1.0903996e+00   3.9633262e-01
   3.6810000e+03   2.5960036e-01   9.5366738e-01   1.0903996e+00   3.9633262e-01
   3.6910000e+03   2.5960036e-01   9.5366738e-01   1.0903996e+00   3.9633262e-01
   3.7010000e+03   2.5960036e-01   9.5366738e-01   1.0903996e+00   3.9633262e-01
   3.7110000e+03   2.5960036e-01   9.5366738e-01   1.0903996e+00   3.9633262e-01
   3.7210000e+03   2.5960036e-01   9.5366738e-01   1.0903996e+00   3.9633262e-01
   3.7310000e+03   2.5960036e-01   9.5366738e-01   1.0903996e+00   3.9633262e-01
   3.7410000e+03   2.5960036e-01   9.5366738e-01   1.0903996e+00   3.9633262e-01
   3.7510000e+03   2.5960036e-01   9.5366738e-01   1.0903996e+00   3.9633262e-01
   3.7610000e+03   2.5960036e-01   9.5366738e-01   1.0903996e+00   3.9633262e-01
   3.7710000e+03   2.5960036e-01   9.5366738e-01   1.0903996e+00   3.9633262e-01
   3.7810000e+03   2.5960036e-01   9.5366738e-01   1.0903996e+00   3.9633262e-01
   3.7910000e+03   2.5960036e-01   9.5366738e-01   1.0903996e+00   3.9633262e-01
   3.8010000e+03   2.5960036e-01   9.5366738e-01   1.0903996e+00   3.9633262e-01
   3.8110000e+03   2.5960036e-01   9.5366738e-01   1.0903996e+00   3.9633262e-01
   3.8210000e+03   2.5960036e-01   9.5366738e-01   1.0903996e+00   3.9633262e-01
   3.8310000e+03   2.5960036e-01   9.5366738e-01   1.0903996e+00   3.9633262e-01
   3.8410000e+03   2.5960036e-01   9.5366738e-01   1.0903996e+00   3.9633262e-01
   3.8510000e+03   2.5960036e-01   9.5366738e-01   1.0903996e+00   3.9633262e-01
   3.8610000e+03   2.5960036e-01   9.5366738e-01   1.0903996e+00   3.9633262e-01
   3.8710000e+03   2.5960036e-01   9.5366738e-01   1.0903996e+00   3.9633262e-01
   3.8810000e+03   2.5960036e-01   9.5366738e-01   1.0903996e+00   3.9633262e-01
   3.8910000e+03   2.5960036e-01   9.5366738e-01   1.0903996e+00   3.9633262e-01
   3.9010000e+03   2.5960036e-01   9.5366738e-01   1.0903996e+00   3.9633262e-01
   3.9110000e+03   2.5960036e-01   9.5366738e-01   1.0903996e+00   3.9633262e-01
   3.9210000e+03   2.5960036e-01   9.5366738e-01   1.0903996e+00   3.9633262e-01
   3.9310000e+03   2.5960036e-01   9.5366738e-01   1.0903996e+00   3.9633262e-01
   3.9410000e+03   2.5960036e-01   9.5366738e-01   1.0903996e+00   3.9633262e-01
   3.9510000e+03   2.5960036e-01   9.5366738e-01   1.0903996e+00   3.9633262e-01
   3.9610000e+03   2.5960036e-01   9.5366738e-01   1.0903996e+00   3.9633262e-01
   3.9710000e+03   2.5960036e-01   9.5366738e-01   1.0903996e+00   3.9633262e-01
   3.9810000e+03   2.5960036e-01   9.5366738e-01   1.0903996e+00   3.9633262e-01
   3.9910000e+03   2.5960036e-01   9.5366738e-01   1.0903996e+00   3.9633262e-01
   4.0010000e+03   2.6569961e-01   9.4704768e-01   1.0944544e+00   3.9266760e-01
   4.0110000e+03   3.0194964e-01   9.1200576e-01   1.1276639e+00   3.6254638e-01
   4.0210000e+03   3.1295682e-01   9.0771913e-01   1.1518054e+00   3.4053249e-01
   4.0310000e+03   3.1416374e-01   9.1457695e-01   1.1705315e+00   3.2335879e-01
   4.0410000e+03   3.1179588e-01   9.2498398e-01   1.1858045e+00   3.0925474e-01
   4.0510000e+03   3.0824191e-01   9.3614484e-01   1.1987522e+00   2.9720530e-01
   4.0610000e+03   3.0439849e-01   9.4707278e-01   1.2100548e+00   2.8660366e-01
   4.0710000e+03   3.0059401e-01   9.5744956e-01   1.2201390e+00   2.7707340e-01
   4.0810000e+03   2.9694184e-01   9.6720055e-01   1.2292826e+00   2.6837245e-01
   4.0910000e+03   2.9347451e-01   9.7633707e-01   1.2376729e+00   2.6033941e-01
   4.1010000e+03   2.9019462e-01   9.8489808e-01   1.2454407e+00   2.5286265e-01
   4.1110000e+03   2.8709426e-01   9.9292894e-01   1.2526803e+00   2.4586199e-01
   4.1210000e+03   2.8416229e-01   1.0004739e+00   1.2594622e+00   2.3927779e-01
   4.1310000e+03   2.8138712e-01   1.0075737e+00   1.2658406e+00   2.3306406e-01
   4.1410000e+03   2.7875765e-01   1.0142652e+00   1.2718587e+00   2.2718422e-01
   4.1510000e+03   2.7626360e-01   1.0205813e+00   1.2775512e+00   2.2160835e-01
   4.1610000e+03   2.7389556e-01   1.0265518e+00   1.2829472e+00   2.1631134e-01
   4.1710000e+03   2.7164490e-01   1.0322032e+00   1.2880714e+00   2.1127170e-01
   4.1810000e+03   2.6950375e-01   1.0375595e+00   1.2929448e+00   2.0647071e-01
   4.1910000e+03   2.6746490e-01   1.0426423e+00   1.2975862e+00   2.0189185e-01
   4.2010000e+03   2.6552175e-01   1.0474712e+00   1.3020117e+00   1.9752037e-01
   4.2110000e+03   2.6366825e-01   1.0520639e+00   1.3062362e+00   1.9334297e-01
   4.2210000e+03   2.6189882e-01   1.0564367e+00   1.3102726e+00   1.8934760e-01
   4.2310000e+03   2.6020832e-01   1.0606041e+00   1.3141329e+00   1.8552326e-01
   4.2410000e+03   2.5859201e-01   1.0645797e+00   1.3178280e+00   1.8185984e-01
   4.2510000e+03   2.5704553e-01   1.0683757e+00   1.3213677e+00   1.7834807e-01
   4.2610000e+03   2.5556480e-01   1.0720036e+00   1.3247611e+00   1.7497938e-01
   4.2710000e+03   2.5414608e-01   1.0754736e+00   1.3280167e+00   1.7174581e-01
   4.2810000e+03   2.5278589e-01   1.0787954e+00   1.3311420e+00   1.6864001e-01
   4.2910000e+03   2.5148098e-01   1.0819777e+00   1.3341444e+00   1.6565512e-01
   4.3010000e+03   2.5022833e-01   1.0850286e+00   1.3370305e+00   1.6278477e-01
   4.3110000e+03   2.4902515e-01   1.0879558e+00   1.3398063e+00   1.6002302e-01
   4.3210000e+03   2.4786882e-01   1.0907662e+00   1.3424777e+00   1.5736429e-01
   4.3310000e+03   2.4675689e-01   1.0934663e+00   1.3450500e+00   1.5480339e-01
   4.3410000e+03   2.4568707e-01   1.0960620e+00   1.3475283e+00   1.5233547e-01
   4.3510000e+03   2.4465725e-01   1.0985590e+00   1.3499173e+00   1.4995595e-01
   4.3610000e+03   2.4366541e-01   1.1009624e+00   1.3522212e+00   1.4766056e-01
   4.3710000e+03   2.4270969e-01   1.1032772e+00   1.3544442e+00   1.4544529e-01
   4.3810000e+03   2.4178832e-01   1.1055078e+00   1.3565903e+00   1.4330636e-01
   4.3910000e+03   2.4089966e-01   1.1076585e+00   1.3586629e+00   1.4124021e-01
   4.4010000e+03   2.4004215e-01   1.1097333e+00   1.3606656e+00   1.3924350e-01
   4.4110000e+03   2.3921434e-01   1.1117357e+00   1.3626014e+00   1.3731308e-01
   4.4210000e+03   2.3841486e-01   1.1136694e+00   1.3644735e+00   1.3544598e-01
   4.4310000e+03   2.3764242e-01   1.1155376e+00   1.3662847e+00   1.3363940e-01
   4.4410000e+03   2.3689579e-01   1.1173434e+00   1.3680377e+00   1.3189069e-01
   4.4510000e+03   2.3617383e-01   1.1190895e+00   1.3697350e+00   1.3019735e-01
   4.4610000e+03   2.3547545e-01   1.1207788e+00   1.3713789e+00   1.2855701e-01
   4.4710000e+03   2.3479963e-01   1.1224137e+00   1.3729719e+00   1.2696744e-01
   4.4810000e+03   2.3414540e-01   1.1239967e+00   1.3745159e+00   1.2542651e-01
   4.4910000e+03   2.3351184e-01   1.1255301e+00   1.3760131e+00   1.2393223e-01
   4.5010000e+03   2.3289808e-01   1.1270160e+00   1.3774654e+00   1.2248269e-01
   4.5110000e+03   2.3230331e-01   1.1284563e+00   1.3788745e+00   1.2107608e-01
   4.5210000e+03   2.3172674e-01   1.1298531e+00   1.3802422e+00   1.1971069e-01
   4.5310000e+03   2.3116763e-01   1.1312081e+00   1.3815702e+00   1.1838490e-01
   4.5410000e+03   2.3062529e-01   1.1325230e+00   1.3828600e+00   1.1709716e-01
   4.5510000e+03   2.3009904e-01   1.1337995e+00   1.3841131e+00   1.1584600e-01
   4.5610000e+03   2.2958826e-01   1.1350390e+00   1.3853308e+00   1.1463002e-01
   4.5710000e+03   2.2909235e-01   1.1362431e+00   1.3865146e+00   1.1344790e-01
   4.5810000e+03   2.2861073e-01   1.1374132e+00   1.3876657e+00   1.1229837e-01
   4.5910000e+03   2.2814285e-01   1.1385504e+00   1.3887854e+00   1.1118022e-01
   4.6010000e+03   2.2768820e-01   1.1396562e+00   1.3898747e+00   1.1009231e-01
   4.6110000e+03   2.2724629e-01   1.1407316e+00   1.3909348e+00   1.0903353e-01
   4.6210000e+03   2.2681665e-01   1.1417779e+00   1.3919667e+00   1.0800285e-01
   4.6310000e+03   2.2639882e-01   1.1427960e+00   1.3929714e+00   1.0699926e-01
   4.6410000e+03   2.2599238e-01   1.1437870e+00   1.3939500e+00   1.0602181e-01
   4.6510000e+03   2.2559692e-01   1.1447519e+00   1.3949033e+00   1.0506959e-01
   4.6610000e+03   2.2521205e-01   1.1456917e+00   1.3958321e+00   1.0414173e-01
   4.6710000e+03   2.2483740e-01   1.1466071e+00   1.3967374e+00   1.0323739e-01
   4.6810000e+03   2.2447261e-01   1.1474991e+00   1.3976198e+00   1.0235579e-01
   4.6910000e+03   2.2411734e-01   1.1483685e+00   1.3984803e+00   1.0149616e-01
   4.7010000e+03   2.2377126e-01   1.1492160e+00   1.3993195e+00   1.0065777e-01
   4.7110000e+03   2.2343407e-01   1.1500423e+00   1.4001381e+00   9.9839923e-02
   4.7210000e+03   2.2310546e-01   1.1508483e+00   1.4009368e+00   9.9041947e-02
   4.7310000e+03   2.2278515e-01   1.1516345e+00   1.4017162e+00   9.8263201e-02
   4.7410000e+03   2.2247286e-01   1.1524017e+00   1.4024770e+00   9.7503071e-02
   4.7510000e+03   2.2216833e-01   1.1531503e+00   1.4032197e+00   9.6760966e-02
   4.7610000e+03   2.2187132e-01   1.1538811e+00   1.4039449e+00   9.6036320e-02
   4.7710000e+03   2.2158157e-01   1.1545947e+00   1.4046532e+00   9.5328588e-02
   4.7810000e+03   2.2129885e-01   1.1552914e+00   1.4053451e+00   9.4637249e-02
   4.7910000e+03   2.2102295e-01   1.1559719e+00   1.4060211e+00   9.3961801e-02
   4.8010000e+03   2.2075365e-01   1.1566367e+00   1.4066816e+00   9.3301761e-02
   4.8110000e+03   2.2049075e-01   1.1572863e+00   1.4073272e+00   9.2656666e-02
   4.8210000e+03   2.2023404e-01   1.1579211e+00   1.4079582e+00   9.2026070e-02
   4.8310000e+03   2.1998334e-01   1.1585415e+00   1.4085751e+00   9.1409544e-02
   4.8410000e+03   2.1973846e-01   1.1591481e+00   1.4091784e+00   9.0806675e-02
   4.8510000e+03   2.1949924e-01   1.1597411e+00   1.4097684e+00   9.0217066e-02
   4.8610000e+03   2.1926549e-01   1.1603211e+00   1.4103455e+00   8.9640335e-02
   4.8710000e+03   2.1903707e-01   1.1608884e+00   1.4109101e+00   8.9076112e-02
   4.8810000e+03   2.1881380e-01   1.1614433e+00   1.4114625e+00   8.8524043e-02
   4.8910000e+03   2.1859555e-01   1.1619862e+00   1.4120031e+00   8.7983785e-02
   4.9010000e+03   2.1838216e-01   1.1625175e+00   1.4125322e+00   8.7455008e-02
   4.9110000e+03   2.1817350e-01   1.1630375e+00   1.4130501e+00   8.6937393e-02
   4.9210000e+03   2.1796943e-01   1.1635465e+00   1.4135572e+00   8.6430634e-02
   4.9310000e+03   2.1776982e-01   1.1640447e+00   1.4140536e+00   8.5934435e-02
   4.9410000e+03   2.1757455e-01   1.1645326e+00   1.4145398e+00   8.5448508e-02
   4.9510000e+03   2.1738349e-01   1.1650103e+00   1.4150160e+00   8.4972579e-02
   4.9610000e+03   2.1719653e-01   1.1654782e+00   1.4154825e+00   8.4506380e-02
   4.9710000e+03   2.1701355e-01   1.1659366e+00   1.4159394e+00   8.4049653e-02
   4.9810000e+03   2.1683445e-01   1.1663856e+00   1.4163872e+00   8.3602149e-02
   4.9910000e+03   2.1665913e-01   1.1668255e+00   1.4168259e+00   8.3163628e-02
   5.0010000e+03   2.1648747e-01   1.1672566e+00   1.4172559e+00   8.2733857e-02
   5.0110000e+03   2.1631938e-01   1.1676791e+00   1.4176774e+00   8.2312611e-02
   5.0210000e+03   2.1615478e-01   1.1680932e+00   1.4180905e+00   8.1899673e-02
   5.0310000e+03   2.1599355e-01   1.1684991e+00   1.4184955e+00   8.1494830e-02
   5.0410000e+03   2.1583562e-01   1.1688970e+00   1.4188927e+00   8.1097880e-02
   5.0510000e+03   2.1568091e-01   1.1692872e+00   1.4192821e+00   8.0708626e-02
   5.0610000e+03   2.1552932e-01   1.1696699e+00   1.4196640e+00   8.0326875e-02
   5.0710000e+03   2.1538078e-01   1.1700451e+00   1.4200386e+00   7.9952444e-02
   5.0810000e+03   2.1523520e-01   1.1704132e+00   1.4204061e+00   7.9585152e-02
   5.0910000e+03   2.1509253e-01   1.1707742e+00   1.4207666e+00   7.9224827e-02
   5.1010000e+03   2.1495267e-01   1.1711284e+00   1.4211202e+00   7.8871299e-02
   5.1110000e+03   2.1481556e-01   1.1714759e+00   1.4214673e+00   7.8524406e-02
   5.1210000e+03   2.1468114e-01   1.1718169e+00   1.4218078e+00   7.8183989e-02
   5.1310000e+03   2.1454933e-01   1.1721516e+00   1.4221421e+00   7.7849894e-02
   5.1410000e+03   2.1442008e-01   1.1724800e+00   1.4224701e+00   7.7521974e-02
   5.1510000e+03   2.1429331e-01   1.1728023e+00   1.4227921e+00   7.7200083e-02
   5.1610000e+03   2.1416898e-01   1.1731188e+00   1.4231083e+00   7.6884081e-02
   5.1710000e+03   2.1404701e-01   1.1734294e+00   1.4234186e+00   7.6573833e-02
   5.1810000e+03   2.1392736e-01   1.1737344e+00   1.4237234e+00   7.6269206e-02
   5.1910000e+03   2.1380997e-01   1.1740339e+00   1.4240226e+00   7.5970072e-02
   5.2010000e+03   2.1369479e-01   1.1743280e+00   1.4243165e+00   7.5676307e-02
   5.2110000e+03   2.1358175e-01   1.1746168e+00   1.4246051e+00   7.5387789e-02
   5.2210000e+03   2.1347083e-01   1.1749005e+00   1.4248886e+00   7.5104401e-02
   5.2310000e+03   2.1336195e-01   1.1751791e+00   1.4251671e+00   7.4826029e-02
   5.2410000e+03   2.1325508e-01   1.1754528e+00   1.4254407e+00   7.4552561e-02
   5.2510000e+03   2.1315018e-01   1.1757216e+00   1.4257094e+00   7.4283891e-02
   5.2610000e+03   2.1304719e-01   1.1759858e+00   1.4259735e+00   7.4019912e-02
   5.2710000e+03   2.1294607e-01   1.1762454e+00   1.4262330e+00   7.3760523e-02
   5.2810000e+03   2.1284678e-01   1.1765004e+00   1.4264880e+00   7.3505625e-02
   5.2910000e+03   2.1274929e-01   1.1767511e+00   1.4267386e+00   7.3255122e-02
   5.3010000e+03   2.1265354e-01   1.1769974e+00   1.4269848e+00   7.3008918e-02
   5.3110000e+03   2.1255950e-01   1.1772395e+00   1.4272269e+00   7.2766923e-02
   5.3210000e+03   2.1246713e-01   1.1774775e+00   1.4274649e+00   7.2529048e-02
   5.3310000e+03   2.1237640e-01   1.1777114e+00   1.4276988e+00   7.2295206e-02
   5.3410000e+03   2.1228727e-01   1.1779414e+00   1.4279288e+00   7.2065314e-02
   5.3510000e+03   2.1219971e-01   1.1781675e+00   1.4281549e+00   7.1839288e-02
   5.3610000e+03   2.1211367e-01   1.1783897e+00   1.4283772e+00   7.1617048e-02
   5.3710000e+03   2.1202914e-01   1.1786083e+00   1.4285958e+00   7.1398518e-02
   5.3810000e+03   2.1194607e-01   1.1788233e+00   1.4288107e+00   7.1183621e-02
   5.3910000e+03   2.1186444e-01   1.1790346e+00   1.4290221e+00   7.0972282e-02
   5.4010000e+03   2.1178421e-01   1.1792425e+00   1.4292301e+00   7.0764431e-02
   5.4110000e+03   2.1170535e-01   1.1794469e+00   1.4294345e+00   7.0559996e-02
   5.4210000e+03   2.1162785e-01   1.1796480e+00   1.4296357e+00   7.0358910e-02
   5.4310000e+03   2.1155166e-01   1.1798459e+00   1.4298336e+00   7.0161105e-02
   5.4410000e+03   2.1147676e-01   1.1800404e+00   1.4300282e+00   6.9966517e-02
   5.4510000e+03   2.1140313e-01   1.1802319e+00   1.4302197e+00   6.9775081e-02
   5.4610000e+03   2.1133073e-01   1.1804202e+00   1.4304081e+00   6.9586736e-02
   5.4710000e+03   2.1125955e-01   1.1806055e+00   1.4305935e+00   6.9401422e-02
   5.4810000e+03   2.1118956e-01   1.1807878e+00   1.4307759e+00   6.9219079e-02
   5.4910000e+03   2.1112073e-01   1.1809672e+00   1.4309553e+00   6.9039650e-02
   5.5010000e+03   2.1105304e-01   1.1811438e+00   1.4311320e+00   6.8863079e-02
   5.5110000e+03   2.1098647e-01   1.1813175e+00   1.4313058e+00   6.8689310e-02
   5.5210000e+03   2.1092100e-01   1.1814885e+00   1.4314768e+00   6.8518292e-02
   5.5310000e+03   2.1085660e-01   1.1816568e+00   1.4316452e+00   6.8349970e-02
   5.5410000e+03   2.1079325e-01   1.1818224e+00   1.4318109e+00   6.8184295e-02
   5.5510000e+03   2.1073093e-01   1.1819854e+00   1.4319741e+00   6.8021216e-02
   5.5610000e+03   2.1066963e-01   1.1821459e+00   1.4321346e+00   6.7860685e-02
   5.5710000e+03   2.1060931e-01   1.1823039e+00   1.4322927e+00   6.7702654e-02
   5.5810000e+03   2.1054997e-01   1.1824594e+00   1.4324483e+00   6.7547077e-02
   5.5910000e+03   2.1049159e-01   1.1826125e+00   1.4326015e+00   6.7393908e-02
   5.6010000e+03   2.1043414e-01   1.1827633e+00   1.4327524e+00   6.7243103e-02
   5.6110000e+03   2.1037760e-01   1.1829117e+00   1.4329009e+00   6.7094619e-02
   5.6210000e+03   2.1032197e-01   1.1830579e+00   1.4330471e+00   6.6948413e-02
   5.6310000e+03   2.1026722e-01   1.1832018e+00   1.4331911e+00   6.6804444e-02
   5.6410000e+03   2.1021334e-01   1.1833435e+00   1.4333330e+00   6.6662672e-02
   5.6510000e+03   2.1016030e-01   1.1834830e+00   1.4334726e+00   6.6523056e-02
   5.6610000e+03   2.1010810e-01   1.1836205e+00   1.4336101e+00   6.6385559e-02
   5.6710000e+03   2.1005672e-01   1.1837558e+00   1.4337456e+00   6.6250141e-02
   5.6810000e+03   2.1000615e-01   1.1838891e+00   1.4338790e+00   6.6116767e-02
   5.6910000e+03   2.0995636e-01   1.1840204e+00   1.4340104e+00   6.5985400e-02
   5.7010000e+03   2.0990734e-01   1.1841498e+00   1.4341398e+00   6.5856004e-02
   5.7110000e+03   2.0985908e-01   1.1842772e+00   1.4342673e+00   6.5728545e-02
   5.7210000e+03   2.0981157e-01   1.1844027e+00   1.4343929e+00   6.5602989e-02
   5.7310000e+03   2.0976479e-01   1.1845263e+00   1.4345166e+00   6.5479303e-02
   5.7410000e+03   2.0971873e-01   1.1846481e+00   1.4346385e+00   6.5357454e-02
   5.7510000e+03   2.0967338e-01   1.1847680e+00   1.4347586e+00   6.5237410e-02
   5.7610000e+03   2.0962872e-01   1.1848862e+00   1.4348769e+00   6.5119140e-02
   5.7710000e+03   2.0958474e-01   1.1850027e+00   1.4349934e+00   6.5002615e-02
   5.7810000e+03   2.0954143e-01   1.1851175e+00   1.4351083e+00   6.4887802e-02
   5.7910000e+03   2.0949877e-01   1.1852305e+00   1.4352214e+00   6.4774675e-02
   5.8010000e+03   2.0945676e-01   1.1853419e+00   1.4353329e+00   6.4663203e-02
   5.8110000e+03   2.0941539e-01   1.1854517e+00   1.4354428e+00   6.4553360e-02
   5.8210000e+03   2.0937463e-01   1.1855599e+00   1.4355511e+00   6.4445116e-02
   5.8310000e+03   2.0933449e-01   1.1856665e+00   1.4356577e+00   6.4338447e-02
   5.8410000e+03   2.0929495e-01   1.1857715e+00   1.4357629e+00   6.4233324e-02
   5.8510000e+03   2.0925600e-01   1.1858751e+00   1.4358665e+00   6.4129723e-02
   5.8610000e+03   2.0921763e-01   1.1859771e+00   1.4359686e+00   6.4027617e-02
   5.8710000e+03   2.0917983e-01   1.1860777e+00   1.4360693e+00   6.3926983e-02
   5.8810000e+03   2.0914259e-01   1.1861768e+00   1.4361685e+00   6.3827795e-02
   5.8910000e+03   2.0910589e-01   1.1862745e+00   1.4362663e+00   6.3730031e-02
   5.9010000e+03   2.0906975e-01   1.1863708e+00   1.4363627e+00   6.3633666e-02
   5.9110000e+03   2.0903413e-01   1.1864658e+00   1.4364577e+00   6.3538678e-02
   5.9210000e+03   2.0899904e-01   1.1865593e+00   1.4365513e+00   6.3445044e-02
   5.9310000e+03   2.0896446e-01   1.1866516e+00   1.4366437e+00   6.3352742e-02
   5.9410000e+03   2.0893038e-01   1.1867425e+00   1.4367347e+00   6.3261751e-02
   5.9510000e+03   2.0889680e-01   1.1868322e+00   1.4368244e+00   6.3172049e-02
   5.9610000e+03   2.0886371e-01   1.1869205e+00   1.4369129e+00   6.3083616e-02
   5.9710000e+03   2.0883111e-01   1.1870077e+00   1.4370001e+00   6.2996432e-02
   5.9810000e+03   2.0879897e-01   1.1870936e+00   1.4370860e+00   6.2910476e-02
   5.9910000e+03   2.0876730e-01   1.1871783e+00   1.4371708e+00   6.2825728e-02
   6.0010000e+03   2.0873608e-01   1.1872618e+00   1.4372544e+00   6.2742170e-02
   6.0110000e+03   2.0870532e-01   1.1873441e+00   1.4373368e+00   6.2659783e-02
   6.0210000e+03   2.0867500e-01   1.1874253e+00   1.4374180e+00   6.2578547e-02
   6.0310000e+03   2.0864511e-01   1.1875053e+00   1.4374982e+00   6.2498446e-02
   6.0410000e+03   2.0861565e-01   1.1875842e+00   1.4375772e+00   6.2419461e-02
   6.0510000e+03   2.0858661e-01   1.1876621e+00   1.4376551e+00   6.2341574e-02
   6.0610000e+03   2.0855798e-01   1.1877388e+00   1.4377319e+00   6.2264769e-02
   6.0710000e+03   2.0852976e-01   1.1878145e+00   1.4378076e+00   6.2189029e-02
   6.0810000e+03   2.0850195e-01   1.1878892e+00   1.4378823e+00   6.2114336e-02
   6.0910000e+03   2.0847452e-01   1.1879628e+00   1.4379560e+00   6.2040676e-02
   6.1010000e+03   2.0844749e-01   1.1880354e+00   1.4380287e+00   6.1968031e-02
   6.1110000e+03   2.0842083e-01   1.1881070e+00   1.4381003e+00   6.1896386e-02
   6.1210000e+03   2.0839455e-01   1.1881776e+00   1.4381710e+00   6.1825726e-02
   6.1310000e+03   2.0836864e-01   1.1882472e+00   1.4382407e+00   6.1756036e-02
   6.1410000e+03   2.0834310e-01   1.1883159e+00   1.4383095e+00   6.1687301e-02
   6.1510000e+03   2.0831791e-01   1.1883837e+00   1.4383773e+00   6.1619506e-02
   6.1610000e+03   2.0829308e-01   1.1884505e+00   1.4384442e+00   6.1552637e-02
   6.1710000e+03   2.0826859e-01   1.1885164e+00   1.4385101e+00   6.1486680e-02
   6.1810000e+03   2.0824444e-01   1.1885814e+00   1.4385752e+00   6.1421622e-02
   6.1910000e+03   2.0822063e-01   1.1886455e+00   1.4386394e+00   6.1357448e-02
   6.2010000e+03   2.0819715e-01   1.1887088e+00   1.4387027e+00   6.1294145e-02
   6.2110000e+03   2.0817400e-01   1.1887712e+00   1.4387652e+00   6.1231700e-02
   6.2210000e+03   2.0815116e-01   1.1888328e+00   1.4388268e+00   6.1170101e-02
   6.2310000e+03   2.0812864e-01   1.1888935e+00   1.4388875e+00   6.1109334e-02
   6.2410000e+03   2.0810644e-01   1.1889534e+00   1.4389475e+00   6.1049388e-02
   6.2510000e+03   2.0808454e-01   1.1890125e+00   1.4390067e+00   6.0990249e-02
   6.2610000e+03   2.0806294e-01   1.1890708e+00   1.4390650e+00   6.0931907e-02
   6.2710000e+03   2.0804163e-01   1.1891283e+00   1.4391226e+00   6.0874349e-02
   6.2810000e+03   2.0802062e-01   1.1891851e+00   1.4391794e+00   6.0817564e-02
   6.2910000e+03   2.0799990e-01   1.1892410e+00   1.4392354e+00   6.0761540e-02
   6.3010000e+03   2.0797946e-01   1.1892963e+00   1.4392907e+00   6.0706266e-02
   6.3110000e+03   2.0795930e-01   1.1893508e+00   1.4393452e+00   6.0651732e-02
   6.3210000e+03   2.0793941e-01   1.1894045e+00   1.4393991e+00   6.0597925e-02
   6.3310000e+03   2.0791979e-01   1.1894576e+00   1.4394522e+00   6.0544836e-02
   6.3410000e+03   2.0790045e-01   1.1895099e+00   1.4395045e+00   6.0492455e-02
   6.3510000e+03   2.0788136e-01   1.1895616e+00   1.4395562e+00   6.0440770e-02
   6.3610000e+03   2.0786253e-01   1.1896126e+00   1.4396072e+00   6.0389772e-02
   6.3710000e+03   2.0784396e-01   1.1896628e+00   1.4396576e+00   6.0339451e-02
   6.3810000e+03   2.0782564e-01   1.1897125e+00   1.4397072e+00   6.0289797e-02
   6.3910000e+03   2.0780756e-01   1.1897614e+00   1.4397562e+00   6.0240800e-02
   6.4010000e+03   2.0778973e-01   1.1898097e+00   1.4398046e+00   6.0192451e-02
   6.4110000e+03   2.0777214e-01   1.1898574e+00   1.4398523e+00   6.0144741e-02
   6.4210000e+03   2.0775478e-01   1.1899045e+00   1.4398994e+00   6.0097661e-02
   6.4310000e+03   2.0773766e-01   1.1899509e+00   1.4399459e+00   6.0051200e-02
   6.4410000e+03   2.0772077e-01   1.1899967e+00   1.4399917e+00   6.0005352e-02
   6.4510000e+03   2.0770410e-01   1.1900419e+00   1.4400370e+00   5.9960106e-02
   6.4610000e+03   2.0768766e-01   1.1900866e+00   1.4400817e+00   5.9915455e-02
   6.4710000e+03   2.0767144e-01   1.1901306e+00   1.4401257e+00   5.9871389e-02
   6.4810000e+03   2.0765543e-01   1.1901741e+00   1.4401692e+00   5.9827902e-02
   6.4910000e+03   2.0763964e-01   1.1902169e+00   1.4402121e+00   5.9784983e-02
   6.5010000e+03   2.0762405e-01   1.1902593e+00   1.4402545e+00   5.9742626e-02
   6.5110000e+03   2.0760868e-01   1.1903011e+00   1.4402963e+00   5.9700822e-02
   6.5210000e+03   2.0759350e-01   1.1903423e+00   1.4403376e+00   5.9659564e-02
   6.5310000e+03   2.0757853e-01   1.1903830e+00   1.4403783e+00   5.9618844e-02
   6.5410000e+03   2.0756376e-01   1.1904231e+00   1.4404185e+00   5.9578655e-02
   6.5510000e+03   2.0754918e-01   1.1904628e+00   1.4404582e+00   5.9538988e-02
   6.5610000e+03   2.0753480e-01   1.1905019e+00   1.4404973e+00   5.9499837e-02
   6.5710000e+03   2.0752060e-01   1.1905405e+00   1.4405360e+00   5.9461195e-02
   6.5810000e+03   2.0750659e-01   1.1905786e+00   1.4405741e+00   5.9423054e-02
   6.5910000e+03   2.0749277e-01   1.1906163e+00   1.4406118e+00   5.9385408e-02
   6.6010000e+03   2.0747913e-01   1.1906534e+00   1.4406490e+00   5.9348249e-02
   6.6110000e+03   2.0746567e-01   1.1906900e+00   1.4406856e+00   5.9311571e-02
   6.6210000e+03   2.0745238e-01   1.1907262e+00   1.4407219e+00   5.9275368e-02
   6.6310000e+03   2.0743927e-01   1.1907619e+00   1.4407576e+00   5.9239632e-02
   6.6410000e+03   2.0742633e-01   1.1907972e+00   1.4407929e+00   5.9204357e-02
   6.6510000e+03   2.0741356e-01   1.1908320e+00   1.4408277e+00   5.9169537e-02
   6.6610000e+03   2.0740095e-01   1.1908663e+00   1.4408621e+00   5.9135166e-02
   6.6710000e+03   2.0738851e-01   1.1909003e+00   1.4408960e+00   5.9101237e-02
   6.6810000e+03   2.0737624e-01   1.1909337e+00   1.4409295e+00   5.9067744e-02
   6.6910000e+03   2.0736412e-01   1.1909668e+00   1.4409626e+00   5.9034682e-02
   6.7010000e+03   2.0735216e-01   1.1909994e+00   1.4409952e+00   5.9002044e-02
   6.7110000e+03   2.0734036e-01   1.1910316e+00   1.4410275e+00   5.8969826e-02
   6.7210000e+03   2.0732871e-01   1.1910634e+00   1.4410593e+00   5.8938020e-02
   6.7310000e+03   2.0731721e-01   1.1910947e+00   1.4410907e+00   5.8906621e-02
   6.7410000e+03   2.0730586e-01   1.1911257e+00   1.4411217e+00   5.8875625e-02
   6.7510000e+03   2.0729466e-01   1.1911563e+00   1.4411523e+00   5.8845025e-02
   6.7610000e+03   2.0728360e-01   1.1911865e+00   1.4411825e+00   5.8814816e-02
   6.7710000e+03   2.0727269e-01   1.1912163e+00   1.4412123e+00   5.8784993e-02
   6.7810000e+03   2.0726191e-01   1.1912457e+00   1.4412418e+00   5.8755550e-02
   6.7910000e+03   2.0725128e-01   1.1912748e+00   1.4412708e+00   5.8726483e-02
   6.8010000e+03   2.0724078e-01   1.1913034e+00   1.4412995e+00   5.8697786e-02
   6.8110000e+03   2.0723042e-01   1.1913318e+00   1.4413279e+00   5.8669454e-02
   6.8210000e+03   2.0722019e-01   1.1913597e+00   1.4413559e+00   5.8641483e-02
   6.8310000e+03   2.0721010e-01   1.1913873e+00   1.4413835e+00   5.8613868e-02
   6.8410000e+03   2.0720013e-01   1.1914146e+00   1.4414107e+00   5.8586603e-02
   6.8510000e+03   2.0719029e-01   1.1914415e+00   1.4414377e+00   5.8559685e-02
   6.8610000e+03   2.0718058e-01   1.1914680e+00   1.4414642e+00   5.8533108e-02
   6.8710000e+03   2.0717099e-01   1.1914943e+00   1.4414905e+00   5.8506868e-02
   6.8810000e+03   2.0716153e-01   1.1915201e+00   1.4415164e+00   5.8480961e-02
   6.8910000e+03   2.0715218e-01   1.1915457e+00   1.4415420e+00   5.8455382e-02
   6.9010000e+03   2.0714296e-01   1.1915709e+00   1.4415672e+00   5.8430126e-02
   6.9110000e+03   2.0713385e-01   1.1915959e+00   1.4415922e+00   5.8405190e-02
   6.9210000e+03   2.0712486e-01   1.1916205e+00   1.4416168e+00   5.8380569e-02
   6.9310000e+03   2.0711599e-01   1.1916448e+00   1.4416411e+00   5.8356259e-02
   6.9410000e+03   2.0710722e-01   1.1916688e+00   1.4416651e+00   5.8332256e-02
   6.9510000e+03   2.0709857e-01   1.1916924e+00   1.4416888e+00   5.8308556e-02
   6.9610000e+03   2.0709004e-01   1.1917158e+00   1.4417122e+00   5.8285154e-02
   6.9710000e+03   2.0708160e-01   1.1917389e+00   1.4417354e+00   5.8262047e-02
   6.9810000e+03   2.0707328e-01   1.1917617e+00   1.4417582e+00   5.8239232e-02
   6.9910000e+03   2.0706506e-01   1.1917842e+00   1.4417807e+00   5.8216703e-02
   7.0010000e+03   2.0705695e-01   1.1918065e+00   1.4418030e+00   5.8194458e-02
   7.0110000e+03   2.0704894e-01   1.1918284e+00   1.4418249e+00   5.8172493e-02
   7.0210000e+03   2.0704103e-01   1.1918501e+00   1.4418466e+00   5.8150803e-02
   7.0310000e+03   2.0703322e-01   1.1918715e+00   1.4418680e+00   5.8129386e-02
   7.0410000e+03   2.0702551e-01   1.1918926e+00   1.4418892e+00   5.8108237e-02
   7.0510000e+03   2.0701790e-01   1.1919135e+00   1.4419101e+00   5.8087354e-02
   7.0610000e+03   2.0701038e-01   1.1919341e+00   1.4419307e+00   5.8066733e-02
   7.0710000e+03   2.0700296e-01   1.1919545e+00   1.4419511e+00   5.8046370e-02
   7.0810000e+03   2.0699564e-01   1.1919746e+00   1.4419712e+00   5.8026262e-02
   7.0910000e+03   2.0698840e-01   1.1919944e+00   1.4419910e+00   5.8006406e-02
   7.1010000e+03   2.0698126e-01   1.1920140e+00   1.4420107e+00   5.7986798e-02
   7.1110000e+03   2.0697421e-01   1.1920334e+00   1.4420300e+00   5.7967435e-02
   7.1210000e+03   2.0696724e-01   1.1920525e+00   1.4420491e+00   5.7948314e-02
   7.1310000e+03   2.0696037e-01   1.1920713e+00   1.4420680e+00   5.7929432e-02
   7.1410000e+03   2.0695358e-01   1.1920900e+00   1.4420867e+00   5.7910786e-02
   7.1510000e+03   2.0694687e-01   1.1921084e+00   1.4421051e+00   5.7892373e-02
   7.1610000e+03   2.0694025e-01   1.1921266e+00   1.4421233e+00   5.7874189e-02
   7.1710000e+03   2.0693372e-01   1.1921445e+00   1.4421412e+00   5.7856232e-02
   7.1810000e+03   2.0692726e-01   1.1921622e+00   1.4421590e+00   5.7838499e-02
   7.1910000e+03   2.0692089e-01   1.1921797e+00   1.4421765e+00   5.7820987e-02
   7.2010000e+03   2.0691459e-01   1.1921970e+00   1.4421938e+00   5.7803692e-02
   7.2110000e+03   2.0690838e-01   1.1922141e+00   1.4422109e+00   5.7786613e-02
   7.2210000e+03   2.0690224e-01   1.1922309e+00   1.4422277e+00   5.7769747e-02
   7.2310000e+03   2.0689618e-01   1.1922476e+00   1.4422444e+00   5.7753090e-02
   7.2410000e+03   2.0689020e-01   1.1922640e+00   1.4422609e+00   5.7736640e-02
   7.2510000e+03   2.0688429e-01   1.1922803e+00   1.4422771e+00   5.7720394e-02
   7.2610000e+03   2.0687846e-01   1.1922963e+00   1.4422931e+00   5.7704351e-02
   7.2710000e+03   2.0687269e-01   1.1923121e+00   1.4423090e+00   5.7688506e-02
   7.2810000e+03   2.0686700e-01   1.1923278e+00   1.4423246e+00   5.7672858e-02
   7.2910000e+03   2.0686139e-01   1.1923432e+00   1.4423401e+00   5.7657404e-02
   7.3010000e+03   2.0685584e-01   1.1923585e+00   1.4423554e+00   5.7642142e-02
   7.3110000e+03   2.0685036e-01   1.1923735e+00   1.4423704e+00   5.7627068e-02
   7.3210000e+03   2.0684495e-01   1.1923884e+00   1.4423853e+00   5.7612182e-02
   7.3310000e+03   2.0683960e-01   1.1924031e+00   1.4424000e+00   5.7597480e-02
   7.3410000e+03   2.0683433e-01   1.1924176e+00   1.4424146e+00   5.7582959e-02
   7.3510000e+03   2.0682911e-01   1.1924320e+00   1.4424289e+00   5.7568619e-02
   7.3610000e+03   2.0682397e-01   1.1924461e+00   1.4424431e+00   5.7554456e-02
   7.3710000e+03   2.0681889e-01   1.1924601e+00   1.4424571e+00   5.7540468e-02
   7.3810000e+03   2.0681387e-01   1.1924739e+00   1.4424709e+00   5.7526653e-02
   7.3910000e+03   2.0680891e-01   1.1924875e+00   1.4424845e+00   5.7513008e-02
   7.4010000e+03   2.0680402e-01   1.1925010e+00   1.4424980e+00   5.7499532e-02
   7.4110000e+03   2.0679918e-01   1.1925143e+00   1.4425113e+00   5.7486223e-02
   7.4210000e+03   2.0679441e-01   1.1925274e+00   1.4425245e+00   5.7473078e-02
   7.4310000e+03   2.0678969e-01   1.1925404e+00   1.4425374e+00   5.7460095e-02
   7.4410000e+03   2.0678504e-01   1.1925532e+00   1.4425503e+00   5.7447272e-02
   7.4510000e+03   2.0678044e-01   1.1925659e+00   1.4425629e+00   5.7434607e-02
   7.4610000e+03   2.0677590e-01   1.1925784e+00   1.4425754e+00   5.7422098e-02
   7.4710000e+03   2.0677141e-01   1.1925907e+00   1.4425878e+00   5.7409744e-02
   7.4810000e+03   2.0676698e-01   1.1926029e+00   1.4426000e+00   5.7397541e-02
   7.4910000e+03   2.0676261e-01   1.1926150e+00   1.4426121e+00   5.7385489e-02
   7.5010000e+03   2.0675829e-01   1.1926269e+00   1.4426240e+00   5.7373585e-02
   7.5110000e+03   2.0675402e-01   1.1926386e+00   1.4426357e+00   5.7361828e-02
   7.5210000e+03   2.0674980e-01   1.1926502e+00   1.4426473e+00   5.7350215e-02
   7.5310000e+03   2.0674564e-01   1.1926617e+00   1.4426588e+00   5.7338746e-02
   7.5410000e+03   2.0674153e-01   1.1926730e+00   1.4426701e+00   5.7327417e-02
   7.5510000e+03   2.0673747e-01   1.1926842e+00   1.4426813e+00   5.7316227e-02
   7.5610000e+03   2.0673346e-01   1.1926953e+00   1.4426924e+00   5.7305175e-02
   7.5710000e+03   2.0672950e-01   1.1927062e+00   1.4427033e+00   5.7294259e-02
   7.5810000e+03   2.0672559e-01   1.1927169e+00   1.4427141e+00   5.7283476e-02
   7.5910000e+03   2.0672173e-01   1.1927276e+00   1.4427247e+00   5.7272827e-02
   7.6010000e+03   2.0671791e-01   1.1927381e+00   1.4427353e+00   5.7262307e-02
   7.6110000e+03   2.0671414e-01   1.1927485e+00   1.4427457e+00   5.7251917e-02
   7.6210000e+03   2.0671042e-01   1.1927587e+00   1.4427559e+00   5.7241655e-02
   7.6310000e+03   2.0670674e-01   1.1927689e+00   1.4427661e+00   5.7231518e-02
   7.6410000e+03   2.0670311e-01   1.1927789e+00   1.4427761e+00   5.7221505e-02
   7.6510000e+03   2.0669953e-01   1.1927888e+00   1.4427860e+00   5.7211615e-02
   7.6610000e+03   2.0669598e-01   1.1927985e+00   1.4427957e+00   5.7201847e-02
   7.6710000e+03   2.0669249e-01   1.1928082e+00   1.4428054e+00   5.7192198e-02
   7.6810000e+03   2.0668903e-01   1.1928177e+00   1.4428149e+00   5.7182667e-02
   7.6910000e+03   2.0668562e-01   1.1928271e+00   1.4428243e+00   5.7173253e-02
   7.7010000e+03   2.0668225e-01   1.1928364e+00   1.4428336e+00   5.7163954e-02
   7.7110000e+03   2.0667892e-01   1.1928456e+00   1.4428428e+00   5.7154769e-02
   7.7210000e+03   2.0667563e-01   1.1928547e+00   1.4428519e+00   5.7145696e-02
   7.7310000e+03   2.0667238e-01   1.1928636e+00   1.4428609e+00   5.7136735e-02
   7.7410000e+03   2.0666917e-01   1.1928725e+00   1.4428697e+00   5.7127882e-02
   7.7510000e+03   2.0666600e-01   1.1928812e+00   1.4428785e+00   5.7119139e-02
   7.7610000e+03   2.0666287e-01   1.1928898e+00   1.4428871e+00   5.7110502e-02
   7.7710000e+03   2.0665978e-01   1.1928984e+00   1.4428956e+00   5.7101970e-02
   7.7810000e+03   2.0665673e-01   1.1929068e+00   1.4429041e+00   5.7093543e-02
   7.7910000e+03   2.0665371e-01   1.1929151e+00   1.4429124e+00   5.7085219e-02
   7.8010000e+03   2.0665073e-01   1.1929233e+00   1.4429206e+00   5.7076996e-02
   7.8110000e+03   2.0664779e-01   1.1929314e+00   1.4429287e+00   5.7068874e-02
   7.8210000e+03   2.0664488e-01   1.1929395e+00   1.4429368e+00   5.7060851e-02
   7.8310000e+03   2.0664201e-01   1.1929474e+00   1.4429447e+00   5.7052926e-02
   7.8410000e+03   2.0663918e-01   1.1929552e+00   1.4429525e+00   5.7045097e-02
   7.8510000e+03   2.0663638e-01   1.1929629e+00   1.4429602e+00   5.7037364e-02
   7.8610000e+03   2.0663361e-01   1.1929706e+00   1.4429679e+00   5.7029725e-02
   7.8710000e+03   2.0663088e-01   1.1929781e+00   1.4429754e+00   5.7022180e-02
   7.8810000e+03   2.0662818e-01   1.1929856e+00   1.4429829e+00   5.7014727e-02
   7.8910000e+03   2.0662551e-01   1.1929929e+00   1.4429902e+00   5.7007364e-02
   7.9010000e+03   2.0662288e-01   1.1930002e+00   1.4429975e+00   5.7000091e-02
   7.9110000e+03   2.0662027e-01   1.1930074e+00   1.4430047e+00   5.6992907e-02
   7.9210000e+03   2.0661770e-01   1.1930145e+00   1.4430118e+00   5.6985810e-02
   7.9310000e+03   2.0661517e-01   1.1930215e+00   1.4430188e+00   5.6978800e-02
   7.9410000e+03   2.0661266e-01   1.1930284e+00   1.4430257e+00   5.6971875e-02
   7.9510000e+03   2.0661018e-01   1.1930352e+00   1.4430326e+00   5.6965034e-02
   7.9610000e+03   2.0660774e-01   1.1930420e+00   1.4430393e+00   5.6958277e-02
   7.9710000e+03   2.0660532e-01   1.1930487e+00   1.4430460e+00   5.6951602e-02
   7.9810000e+03   2.0660293e-01   1.1930552e+00   1.4430526e+00   5.6945008e-02
   7.9910000e+03   2.0660057e-01   1.1930618e+00   1.4430591e+00   5.6938494e-02
