   1.0000000e+00   0.0000000e+00   0.0000000e+00   0.0000000e+00   0.0000000e+00
   1.1000000e+01   3.5162577e-01   4.9576571e-01   5.7011447e-01   4.3869969e-01
   2.1000000e+01   3.5120731e-01   6.3915345e-01   7.4584731e-01   4.9692211e-01
   3.1000000e+01   3.3490674e-01   7.0977896e-01   8.2809221e-01   5.0573137e-01
   4.1000000e+01   3.2226930e-01   7.5281484e-01   8.7732276e-01   5.0295387e-01
   5.1000000e+01   3.1317249e-01   7.8255259e-01   9.1098077e-01   4.9672103e-01
   6.1000000e+01   3.0634205e-01   8.0489855e-01   9.3592835e-01   4.8954273e-01
   7.1000000e+01   3.0094267e-01   8.2263789e-01   9.5541677e-01   4.8233480e-01
   8.1000000e+01   2.9650143e-01   8.3723351e-01   9.7119763e-01   4.7545250e-01
   9.1000000e+01   2.9274678e-01   8.4953367e-01   9.8430825e-01   4.6902725e-01
   1.0100000e+02   2.8951289e-01   8.6007446e-01   9.9540900e-01   4.6309423e-01
   1.1100000e+02   2.8669108e-01   8.6921910e-01   1.0049448e+00   4.5764602e-01
   1.2100000e+02   2.8420535e-01   8.7722733e-01   1.0132291e+00   4.5265666e-01
   1.3100000e+02   2.8199984e-01   8.8429263e-01   1.0204912e+00   4.4809304e-01
   1.4100000e+02   2.8003179e-01   8.9056372e-01   1.0269038e+00   4.4392028e-01
   1.5100000e+02   2.7826752e-01   8.9615778e-01   1.0326004e+00   4.4010439e-01
   1.6100000e+02   2.7667989e-01   9.0116894e-01   1.0376864e+00   4.3661339e-01
   1.7100000e+02   2.7524661e-01   9.0567409e-01   1.0422465e+00   4.3341779e-01
   1.8100000e+02   2.7394912e-01   9.0973686e-01   1.0463498e+00   4.3049072e-01
   1.9100000e+02   2.7277177e-01   9.1341056e-01   1.0500535e+00   4.2780778e-01
   2.0100000e+02   2.7170125e-01   9.1674028e-01   1.0534056e+00   4.2534695e-01
   2.1100000e+02   2.7072609e-01   9.1976448e-01   1.0564465e+00   4.2308833e-01
   2.2100000e+02   2.6983640e-01   9.2251624e-01   1.0592107e+00   4.2101399e-01
   2.3100000e+02   2.6902354e-01   9.2502419e-01   1.0617280e+00   4.1910773e-01
   2.4100000e+02   2.6827994e-01   9.2731328e-01   1.0640242e+00   4.1735491e-01
   2.5100000e+02   2.6759894e-01   9.2940532e-01   1.0661215e+00   4.1574233e-01
   2.6100000e+02   2.6697463e-01   9.3131954e-01   1.0680397e+00   4.1425801e-01
   2.7100000e+02   2.6640180e-01   9.3307289e-01   1.0697960e+00   4.1289110e-01
   2.8100000e+02   2.6587575e-01   9.3468045e-01   1.0714058e+00   4.1163176e-01
   2.9100000e+02   2.6539232e-01   9.3615560e-01   1.0728827e+00   4.1047106e-01
   3.0100000e+02   2.6494775e-01   9.3751032e-01   1.0742387e+00   4.0940085e-01
   3.1100000e+02   2.6453866e-01   9.3875534e-01   1.0754847e+00   4.0841374e-01
   3.2100000e+02   2.6416203e-01   9.3990028e-01   1.0766303e+00   4.0750298e-01
   3.3100000e+02   2.6381510e-01   9.4095381e-01   1.0776844e+00   4.0666240e-01
   3.4100000e+02   2.6349538e-01   9.4192376e-01   1.0786547e+00   4.0588638e-01
   3.5100000e+02   2.6320062e-01   9.4281721e-01   1.0795485e+00   4.0516978e-01
   3.6100000e+02   2.6292875e-01   9.4364055e-01   1.0803720e+00   4.0450788e-01
   3.7100000e+02   2.6267792e-01   9.4439961e-01   1.0811313e+00   4.0389638e-01
   3.8100000e+02   2.6244642e-01   9.4509967e-01   1.0818315e+00   4.0333132e-01
   3.9100000e+02   2.6223270e-01   9.4574555e-01   1.0824774e+00   4.0280907e-01
   4.0100000e+02   2.6203533e-01   9.4634163e-01   1.0830736e+00   4.0232631e-01
   4.1100000e+02   2.6185303e-01   9.4689191e-01   1.0836239e+00   4.0187997e-01
   4.2100000e+02   2.6168461e-01   9.4740004e-01   1.0841321e+00   4.0146724e-01
   4.3100000e+02   2.6152896e-01   9.4786939e-01   1.0846014e+00   4.0108555e-01
   4.4100000e+02   2.6138511e-01   9.4830300e-01   1.0850351e+00   4.0073250e-01
   4.5100000e+02   2.6125212e-01   9.4870368e-01   1.0854358e+00   4.0040592e-01
   4.6100000e+02   2.6112917e-01   9.4907401e-01   1.0858061e+00   4.0010378e-01
   4.7100000e+02   2.6101546e-01   9.4941634e-01   1.0861485e+00   3.9982423e-01
   4.8100000e+02   2.6091031e-01   9.4973285e-01   1.0864650e+00   3.9956554e-01
   4.9100000e+02   2.6081304e-01   9.5002553e-01   1.0867577e+00   3.9932615e-01
   5.0100000e+02   2.6072305e-01   9.5029621e-01   1.0870283e+00   3.9910460e-01
   5.1100000e+02   2.6063980e-01   9.5054657e-01   1.0872787e+00   3.9889954e-01
   5.2100000e+02   2.6056277e-01   9.5077818e-01   1.0875103e+00   3.9870973e-01
   5.3100000e+02   2.6049149e-01   9.5099245e-01   1.0877246e+00   3.9853402e-01
   5.4100000e+02   2.6042552e-01   9.5119071e-01   1.0879229e+00   3.9837136e-01
   5.5100000e+02   2.6036446e-01   9.5137418e-01   1.0881063e+00   3.9822077e-01
   5.6100000e+02   2.6030795e-01   9.5154396e-01   1.0882761e+00   3.9808134e-01
   5.7100000e+02   2.6025564e-01   9.5170109e-01   1.0884333e+00   3.9795225e-01
   5.8100000e+02   2.6020721e-01   9.5184654e-01   1.0885787e+00   3.9783272e-01
   5.9100000e+02   2.6016238e-01   9.5198116e-01   1.0887133e+00   3.9772204e-01
   6.0100000e+02   2.6012087e-01   9.5210579e-01   1.0888380e+00   3.9761955e-01
   6.1100000e+02   2.6008244e-01   9.5222116e-01   1.0889533e+00   3.9752464e-01
   6.2100000e+02   2.6004686e-01   9.5232798e-01   1.0890602e+00   3.9743675e-01
   6.3100000e+02   2.6001391e-01   9.5242687e-01   1.0891591e+00   3.9735535e-01
   6.4100000e+02   2.5998340e-01   9.5251844e-01   1.0892506e+00   3.9727997e-01
   6.5100000e+02   2.5995515e-01   9.5260322e-01   1.0893354e+00   3.9721015e-01
   6.6100000e+02   2.5992899e-01   9.5268173e-01   1.0894139e+00   3.9714549e-01
   6.7100000e+02   2.5990476e-01   9.5275443e-01   1.0894866e+00   3.9708560e-01
   6.8100000e+02   2.5988232e-01   9.5282176e-01   1.0895540e+00   3.9703013e-01
   6.9100000e+02   2.5986154e-01   9.5288411e-01   1.0896163e+00   3.9697875e-01
   7.0100000e+02   2.5984229e-01   9.5294185e-01   1.0896741e+00   3.9693116e-01
   7.1100000e+02   2.5982447e-01   9.5299532e-01   1.0897275e+00   3.9688708e-01
   7.2100000e+02   2.5980796e-01   9.5304485e-01   1.0897771e+00   3.9684625e-01
   7.3100000e+02   2.5979266e-01   9.5309072e-01   1.0898229e+00   3.9680844e-01
   7.4100000e+02   2.5977850e-01   9.5313320e-01   1.0898654e+00   3.9677340e-01
   7.5100000e+02   2.5976538e-01   9.5317255e-01   1.0899048e+00   3.9674095e-01
   7.6100000e+02   2.5975323e-01   9.5320900e-01   1.0899412e+00   3.9671089e-01
   7.7100000e+02   2.5974197e-01   9.5324276e-01   1.0899750e+00   3.9668305e-01
   7.8100000e+02   2.5973154e-01   9.5327403e-01   1.0900063e+00   3.9665726e-01
   7.9100000e+02   2.5972189e-01   9.5330299e-01   1.0900352e+00   3.9663336e-01
   8.0100000e+02   2.5971294e-01   9.5332982e-01   1.0900621e+00   3.9661123e-01
   8.1100000e+02   2.5970465e-01   9.5335467e-01   1.0900869e+00   3.9659073e-01
   8.2100000e+02   2.5969698e-01   9.5337769e-01   1.0901099e+00   3.9657173e-01
   8.3100000e+02   2.5968986e-01   9.5339902e-01   1.0901313e+00   3.9655414e-01
   8.4100000e+02   2.5968328e-01   9.5341877e-01   1.0901510e+00   3.9653784e-01
   8.5100000e+02   2.5967717e-01   9.5343707e-01   1.0901693e+00   3.9652274e-01
   8.6100000e+02   2.5967152e-01   9.5345402e-01   1.0901863e+00   3.9650875e-01
   8.7100000e+02   2.5966628e-01   9.5346972e-01   1.0902020e+00   3.9649579e-01
   8.8100000e+02   2.5966143e-01   9.5348427e-01   1.0902165e+00   3.9648378e-01
   8.9100000e+02   2.5965694e-01   9.5349774e-01   1.0902300e+00   3.9647266e-01
   9.0100000e+02   2.5965277e-01   9.5351023e-01   1.0902425e+00   3.9646236e-01
   9.1100000e+02   2.5964892e-01   9.5352179e-01   1.0902540e+00   3.9645281e-01
   9.2100000e+02   2.5964535e-01   9.5353250e-01   1.0902648e+00   3.9644397e-01
   9.3100000e+02   2.5964203e-01   9.5354243e-01   1.0902747e+00   3.9643578e-01
   9.4100000e+02   2.5963897e-01   9.5355162e-01   1.0902839e+00   3.9642819e-01
   9.5100000e+02   2.5963613e-01   9.5356014e-01   1.0902924e+00   3.9642116e-01
   9.6100000e+02   2.5963350e-01   9.5356803e-01   1.0903003e+00   3.9641465e-01
   9.7100000e+02   2.5963106e-01   9.5357534e-01   1.0903076e+00   3.9640861e-01
   9.8100000e+02   2.5962880e-01   9.5358211e-01   1.0903144e+00   3.9640302e-01
   9.9100000e+02   2.5962671e-01   9.5358838e-01   1.0903206e+00   3.9639784e-01
   1.0010000e+03   2.5962477e-01   9.5359419e-01   1.0903265e+00   3.9639305e-01
   1.0110000e+03   2.5962297e-01   9.5359958e-01   1.0903318e+00   3.9638860e-01
   1.0210000e+03   2.5962131e-01   9.5360456e-01   1.0903368e+00   3.9638448e-01
   1.0310000e+03   2.5961977e-01   9.5360919e-01   1.0903414e+00   3.9638067e-01
   1.0410000e+03   2.5961834e-01   9.5361347e-01   1.0903457e+00   3.9637714e-01
   1.0510000e+03   2.5961702e-01   9.5361743e-01   1.0903497e+00   3.9637386e-01
   1.0610000e+03   2.5961579e-01   9.5362111e-01   1.0903534e+00   3.9637083e-01
   1.0710000e+03   2.5961466e-01   9.5362451e-01   1.0903568e+00   3.9636802e-01
   1.0810000e+03   2.5961360e-01   9.5362766e-01   1.0903599e+00   3.9636541e-01
   1.0910000e+03   2.5961263e-01   9.5363058e-01   1.0903628e+00   3.9636300e-01
   1.1010000e+03   2.5961173e-01   9.5363329e-01   1.0903656e+00   3.9636077e-01
   1.1110000e+03   2.5961089e-01   9.5363580e-01   1.0903681e+00   3.9635870e-01
   1.1210000e+03   2.5961012e-01   9.5363812e-01   1.0903704e+00   3.9635678e-01
   1.1310000e+03   2.5960940e-01   9.5364027e-01   1.0903725e+00   3.9635500e-01
   1.1410000e+03   2.5960873e-01   9.5364227e-01   1.0903745e+00   3.9635336e-01
   1.1510000e+03   2.5960812e-01   9.5364411e-01   1.0903764e+00   3.9635183e-01
   1.1610000e+03   2.5960755e-01   9.5364582e-01   1.0903781e+00   3.9635042e-01
   1.1710000e+03   2.5960702e-01   9.5364741e-01   1.0903797e+00   3.9634911e-01
   1.1810000e+03   2.5960653e-01   9.5364888e-01   1.0903811e+00   3.9634790e-01
   1.1910000e+03   2.5960607e-01   9.5365024e-01   1.0903825e+00   3.9634677e-01
   1.2010000e+03   2.5960565e-01   9.5365150e-01   1.0903838e+00   3.9634573e-01
   1.2110000e+03   2.5960526e-01   9.5365267e-01   1.0903849e+00   3.9634477e-01
   1.2210000e+03   2.5960490e-01   9.5365375e-01   1.0903860e+00   3.9634388e-01
   1.2310000e+03   2.5960457e-01   9.5365475e-01   1.0903870e+00   3.9634305e-01
   1.2410000e+03   2.5960426e-01   9.5365568e-01   1.0903879e+00   3.9634228e-01
   1.2510000e+03   2.5960397e-01   9.5365654e-01   1.0903888e+00   3.9634157e-01
   1.2610000e+03   2.5960371e-01   9.5365734e-01   1.0903896e+00   3.9634091e-01
   1.2710000e+03   2.5960346e-01   9.5365808e-01   1.0903903e+00   3.9634030e-01
   1.2810000e+03   2.5960323e-01   9.5365876e-01   1.0903910e+00   3.9633974e-01
   1.2910000e+03   2.5960302e-01   9.5365939e-01   1.0903917e+00   3.9633922e-01
   1.3010000e+03   2.5960282e-01   9.5365998e-01   1.0903922e+00   3.9633873e-01
   1.3110000e+03   2.5960264e-01   9.5366052e-01   1.0903928e+00   3.9633828e-01
   1.3210000e+03   2.5960247e-01   9.5366103e-01   1.0903933e+00   3.9633787e-01
   1.3310000e+03   2.5960232e-01   9.5366149e-01   1.0903938e+00   3.9633748e-01
   1.3410000e+03   2.5960217e-01   9.5366193e-01   1.0903942e+00   3.9633712e-01
   1.3510000e+03   2.5960204e-01   9.5366233e-01   1.0903946e+00   3.9633679e-01
   1.3610000e+03   2.5960192e-01   9.5366270e-01   1.0903950e+00   3.9633649e-01
   1.3710000e+03   2.5960180e-01   9.5366304e-01   1.0903953e+00   3.9633620e-01
   1.3810000e+03   2.5960170e-01   9.5366336e-01   1.0903956e+00   3.9633594e-01
   1.3910000e+03   2.5960160e-01   9.5366366e-01   1.0903959e+00   3.9633569e-01
   1.4010000e+03   2.5960151e-01   9.5366393e-01   1.0903962e+00   3.9633547e-01
   1.4110000e+03   2.5960142e-01   9.5366418e-01   1.0903965e+00   3.9633526e-01
   1.4210000e+03   2.5960134e-01   9.5366442e-01   1.0903967e+00   3.9633507e-01
   1.4310000e+03   2.5960127e-01   9.5366464e-01   1.0903969e+00   3.9633489e-01
   1.4410000e+03   2.5960120e-01   9.5366484e-01   1.0903971e+00   3.9633472e-01
   1.4510000e+03   2.5960114e-01   9.5366502e-01   1.0903973e+00   3.9633457e-01
   1.4610000e+03   2.5960108e-01   9.5366520e-01   1.0903975e+00   3.9633442e-01
   1.4710000e+03   2.5960103e-01   9.5366536e-01   1.0903976e+00   3.9633429e-01
   1.4810000e+03   2.5960098e-01   9.5366551e-01   1.0903978e+00   3.9633417e-01
   1.4910000e+03   2.5960094e-01   9.5366564e-01   1.0903979e+00   3.9633405e-01
   1.5010000e+03   2.5960089e-01   9.5366577e-01   1.0903980e+00   3.9633395e-01
   1.5110000e+03   2.5960085e-01   9.5366589e-01   1.0903982e+00   3.9633385e-01
   1.5210000e+03   2.5960082e-01   9.5366600e-01   1.0903983e+00   3.9633376e-01
   1.5310000e+03   2.5960078e-01   9.5366610e-01   1.0903984e+00   3.9633368e-01
   1.5410000e+03   2.5960075e-01   9.5366619e-01   1.0903985e+00   3.9633360e-01
   1.5510000e+03   2.5960072e-01   9.5366628e-01   1.0903985e+00   3.9633353e-01
   1.5610000e+03   2.5960070e-01   9.5366636e-01   1.0903986e+00   3.9633346e-01
   1.5710000e+03   2.5960067e-01   9.5366644e-01   1.0903987e+00   3.9633340e-01
   1.5810000e+03   2.5960065e-01   9.5366650e-01   1.0903988e+00   3.9633334e-01
   1.5910000e+03   2.5960063e-01   9.5366657e-01   1.0903988e+00   3.9633329e-01
   1.6010000e+03   2.5960061e-01   9.5366663e-01   1.0903989e+00   3.9633324e-01
   1.6110000e+03   2.5960059e-01   9.5366668e-01   1.0903990e+00   3.9633320e-01
   1.6210000e+03   2.5960057e-01   9.5366673e-01   1.0903990e+00   3.9633315e-01
   1.6310000e+03   2.5960056e-01   9.5366678e-01   1.0903990e+00   3.9633312e-01
   1.6410000e+03   2.5960054e-01   9.5366682e-01   1.0903991e+00   3.9633308e-01
   1.6510000e+03   2.5960053e-01   9.5366687e-01   1.0903991e+00   3.9633305e-01
   1.6610000e+03   2.5960052e-01   9.5366690e-01   1.0903992e+00   3.9633301e-01
   1.6710000e+03   2.5960050e-01   9.5366694e-01   1.0903992e+00   3.9633299e-01
   1.6810000e+03   2.5960049e-01   9.5366697e-01   1.0903992e+00   3.9633296e-01
   1.6910000e+03   2.5960048e-01   9.5366700e-01   1.0903993e+00   3.9633294e-01
   1.7010000e+03   2.5960047e-01   9.5366703e-01   1.0903993e+00   3.9633291e-01
   1.7110000e+03   2.5960046e-01   9.5366705e-01   1.0903993e+00   3.9633289e-01
   1.7210000e+03   2.5960046e-01   9.5366708e-01   1.0903993e+00   3.9633287e-01
   1.7310000e+03   2.5960045e-01   9.5366710e-01   1.0903994e+00   3.9633285e-01
   1.7410000e+03   2.5960044e-01   9.5366712e-01   1.0903994e+00   3.9633284e-01
   1.7510000e+03   2.5960044e-01   9.5366714e-01   1.0903994e+00   3.9633282e-01
   1.7610000e+03   2.5960043e-01   9.5366716e-01   1.0903994e+00   3.9633281e-01
   1.7710000e+03   2.5960043e-01   9.5366717e-01   1.0903994e+00   3.9633279e-01
   1.7810000e+03   2.5960042e-01   9.5366719e-01   1.0903995e+00   3.9633278e-01
   1.7910000e+03   2.5960042e-01   9.5366720e-01   1.0903995e+00   3.9633277e-01
   1.8010000e+03   2.5960041e-01   9.5366721e-01   1.0903995e+00   3.9633276e-01
   1.8110000e+03   2.5960041e-01   9.5366723e-01   1.0903995e+00   3.9633275e-01
   1.8210000e+03   2.5960040e-01   9.5366724e-01   1.0903995e+00   3.9633274e-01
   1.8310000e+03   2.5960040e-01   9.5366725e-01   1.0903995e+00   3.9633273e-01
   1.8410000e+03   2.5960040e-01   9.5366726e-01   1.0903995e+00   3.9633272e-01
   1.8510000e+03   2.5960039e-01   9.5366726e-01   1.0903995e+00   3.9633272e-01
   1.8610000e+03   2.5960039e-01   9.5366727e-01   1.0903995e+00   3.9633271e-01
   1.8710000e+03   2.5960039e-01   9.5366728e-01   1.0903995e+00   3.9633270e-01
   1.8810000e+03   2.5960039e-01   9.5366729e-01   1.0903996e+00   3.9633270e-01
   1.8910000e+03   2.5960038e-01   9.5366729e-01   1.0903996e+00   3.9633269e-01
   1.9010000e+03   2.5960038e-01   9.5366730e-01   1.0903996e+00   3.9633269e-01
   1.9110000e+03   2.5960038e-01   9.5366731e-01   1.0903996e+00   3.9633268e-01
   1.9210000e+03   2.5960038e-01   9.5366731e-01   1.0903996e+00   3.9633268e-01
   1.9310000e+03   2.5960038e-01   9.5366732e-01   1.0903996e+00   3.9633267e-01
   1.9410000e+03   2.5960038e-01   9.5366732e-01   1.0903996e+00   3.9633267e-01
   1.9510000e+03   2.5960037e-01   9.5366732e-01   1.0903996e+00   3.9633267e-01
   1.9610000e+03   2.5960037e-01   9.5366733e-01   1.0903996e+00   3.9633266e-01
   1.9710000e+03   2.5960037e-01   9.5366733e-01   1.0903996e+00   3.9633266e-01
   1.9810000e+03   2.5960037e-01   9.5366733e-01   1.0903996e+00   3.9633266e-01
   1.9910000e+03   2.5960037e-01   9.5366734e-01   1.0903996e+00   3.9633266e-01
   2.0010000e+03   2.5960037e-01   9.5366734e-01   1.0903996e+00   3.9633265e-01
   2.0110000e+03   2.5960037e-01   9.5366734e-01   1.0903996e+00   3.9633265e-01
   2.0210000e+03   2.5960037e-01   9.5366735e-01   1.0903996e+00   3.9633265e-01
   2.0310000e+03   2.5960037e-01   9.5366735e-01   1.0903996e+00   3.9633265e-01
   2.0410000e+03   2.5960037e-01   9.5366735e-01   1.0903996e+00   3.9633265e-01
   2.0510000e+03   2.5960037e-01   9.5366735e-01   1.0903996e+00   3.9633264e-01
   2.0610000e+03   2.5960036e-01   9.5366735e-01   1.0903996e+00   3.9633264e-01
   2.0710000e+03   2.5960036e-01   9.5366735e-01   1.0903996e+00   3.9633264e-01
   2.0810000e+03   2.5960036e-01   9.5366736e-01   1.0903996e+00   3.9633264e-01
   2.0910000e+03   2.5960036e-01   9.5366736e-01   1.0903996e+00   3.9633264e-01
   2.1010000e+03   2.5960036e-01   9.5366736e-01   1.0903996e+00   3.9633264e-01
   2.1110000e+03   2.5960036e-01   9.5366736e-01   1.0903996e+00   3.9633264e-01
   2.1210000e+03   2.5960036e-01   9.5366736e-01   1.0903996e+00   3.9633264e-01
   2.1310000e+03   2.5960036e-01   9.5366736e-01   1.0903996e+00   3.9633264e-01
   2.1410000e+03   2.5960036e-01   9.5366736e-01   1.0903996e+00   3.9633263e-01
   2.1510000e+03   2.5960036e-01   9.5366736e-01   1.0903996e+00   3.9633263e-01
   2.1610000e+03   2.5960036e-01   9.5366736e-01   1.0903996e+00   3.9633263e-01
   2.1710000e+03   2.5960036e-01   9.5366737e-01   1.0903996e+00   3.9633263e-01
   2.1810000e+03   2.5960036e-01   9.5366737e-01   1.0903996e+00   3.9633263e-01
   2.1910000e+03   2.5960036e-01   9.5366737e-01   1.0903996e+00   3.9633263e-01
   2.2010000e+03   2.5960036e-01   9.5366737e-01   1.0903996e+00   3.9633263e-01
   2.2110000e+03   2.5960036e-01   9.5366737e-01   1.0903996e+00   3.9633263e-01
   2.2210000e+03   2.5960036e-01   9.5366737e-01   1.0903996e+00   3.9633263e-01
   2.2310000e+03   2.5960036e-01   9.5366737e-01   1.0903996e+00   3.9633263e-01
   2.2410000e+03   2.5960036e-01   9.5366737e-01   1.0903996e+00   3.9633263e-01
   2.2510000e+03   2.5960036e-01   9.5366737e-01   1.0903996e+00   3.9633263e-01
   2.2610000e+03   2.5960036e-01   9.5366737e-01   1.0903996e+00   3.9633263e-01
   2.2710000e+03   2.5960036e-01   9.5366737e-01   1.0903996e+00   3.9633263e-01
   2.2810000e+03   2.5960036e-01   9.5366737e-01   1.0903996e+00   3.9633263e-01
   2.2910000e+03   2.5960036e-01   9.5366737e-01   1.0903996e+00   3.9633263e-01
   2.3010000e+03   2.5960036e-01   9.5366737e-01   1.0903996e+00   3.9633263e-01
   2.3110000e+03   2.5960036e-01   9.5366737e-01   1.0903996e+00   3.9633263e-01
   2.3210000e+03   2.5960036e-01   9.5366737e-01   1.0903996e+00   3.9633263e-01
   2.3310000e+03   2.5960036e-01   9.5366737e-01   1.0903996e+00   3.9633263e-01
   2.3410000e+03   2.5960036e-01   9.5366737e-01   1.0903996e+00   3.9633263e-01
   2.3510000e+03   2.5960036e-01   9.5366737e-01   1.0903996e+00   3.9633263e-01
   2.3610000e+03   2.5960036e-01   9.5366737e-01   1.0903996e+00   3.9633263e-01
   2.3710000e+03   2.5960036e-01   9.5366737e-01   1.0903996e+00   3.9633263e-01
   2.3810000e+03   2.5960036e-01   9.5366737e-01   1.0903996e+00   3.9633263e-01
   2.3910000e+03   2.5960036e-01   9.5366737e-01   1.0903996e+00   3.9633263e-01
   2.4010000e+03   2.5960036e-01   9.5366737e-01   1.0903996e+00   3.9633263e-01
   2.4110000e+03   2.5960036e-01   9.5366737e-01   1.0903996e+00   3.9633263e-01
   2.4210000e+03   2.5960036e-01   9.5366737e-01   1.0903996e+00   3.9633263e-01
   2.4310000e+03   2.5960036e-01   9.5366737e-01   1.0903996e+00   3.9633263e-01
   2.4410000e+03   2.5960036e-01   9.5366737e-01   1.0903996e+00   3.9633263e-01
   2.4510000e+03   2.5960036e-01   9.5366737e-01   1.0903996e+00   3.9633263e-01
   2.4610000e+03   2.5960036e-01   9.5366737e-01   1.0903996e+00   3.9633263e-01
   2.4710000e+03   2.5960036e-01   9.5366737e-01   1.0903996e+00   3.9633263e-01
   2.4810000e+03   2.5960036e-01   9.5366737e-01   1.0903996e+00   3.9633263e-01
   2.4910000e+03   2.5960036e-01   9.5366737e-01   1.0903996e+00   3.9633263e-01
   2.5010000e+03   2.5960036e-01   9.5366737e-01   1.0903996e+00   3.9633263e-01
   2.5110000e+03   2.5960036e-01   9.5366737e-01   1.0903996e+00   3.9633263e-01
   2.5210000e+03   2.5960036e-01   9.5366737e-01   1.0903996e+00   3.9633263e-01
   2.5310000e+03   2.5960036e-01   9.5366737e-01   1.0903996e+00   3.9633263e-01
   2.5410000e+03   2.5960036e-01   9.5366737e-01   1.0903996e+00   3.9633263e-01
   2.5510000e+03   2.5960036e-01   9.5366737e-01   1.0903996e+00   3.9633263e-01
   2.5610000e+03   2.5960036e-01   9.5366737e-01   1.0903996e+00   3.9633263e-01
   2.5710000e+03   2.5960036e-01   9.5366737e-01   1.0903996e+00   3.9633263e-01
   2.5810000e+03   2.5960036e-01   9.5366737e-01   1.0903996e+00   3.9633263e-01
   2.5910000e+03   2.5960036e-01   9.5366737e-01   1.0903996e+00   3.9633263e-01
   2.6010000e+03   2.5960036e-01   9.5366737e-01   1.0903996e+00   3.9633263e-01
   2.6110000e+03   2.5960036e-01   9.5366737e-01   1.0903996e+00   3.9633263e-01
   2.6210000e+03   2.5960036e-01   9.5366737e-01   1.0903996e+00   3.9633263e-01
   2.6310000e+03   2.5960036e-01   9.5366737e-01   1.0903996e+00   3.9633262e-01
   2.6410000e+03   2.5960036e-01   9.5366737e-01   1.0903996e+00   3.9633262e-01
   2.6510000e+03   2.5960036e-01   9.5366738e-01   1.0903996e+00   3.9633262e-01
   2.6610000e+03   2.5960036e-01   9.5366738e-01   1.0903996e+00   3.9633262e-01
   2.6710000e+03   2.5960036e-01   9.5366738e-01   1.0903996e+00   3.9633262e-01
   2.6810000e+03   2.5960036e-01   9.5366738e-01   1.0903996e+00   3.9633262e-01
   2.6910000e+03   2.5960036e-01   9.5366738e-01   1.0903996e+00   3.9633262e-01
   2.7010000e+03   2.5960036e-01   9.5366738e-01   1.0903996e+00   3.9633262e-01
   2.7110000e+03   2.5960036e-01   9.5366738e-01   1.0903996e+00   3.9633262e-01
   2.7210000e+03   2.5960036e-01   9.5366738e-01   1.0903996e+00   3.9633262e-01
   2.7310000e+03   2.5960036e-01   9.5366738e-01   1.0903996e+00   3.9633262e-01
   2.7410000e+03   2.5960036e-01   9.5366738e-01   1.0903996e+00   3.9633262e-01
   2.7510000e+03   2.5960036e-01   9.5366738e-01   1.0903996e+00   3.9633262e-01
   2.7610000e+03   2.5960036e-01   9.5366738e-01   1.0903996e+00   3.9633262e-01
   2.7710000e+03   2.5960036e-01   9.5366738e-01   1.0903996e+00   3.9633262e-01
   2.7810000e+03   2.5960036e-01   9.5366738e-01   1.0903996e+00   3.9633262e-01
   2.7910000e+03   2.5960036e-01   9.5366738e-01   1.0903996e+00   3.9633262e-01
   2.8010000e+03   2.5960036e-01   9.5366738e-01   1.0903996e+00   3.9633262e-01
   2.8110000e+03   2.5960036e-01   9.5366738e-01   1.0903996e+00   3.9633262e-01
   2.8210000e+03   2.5960036e-01   9.5366738e-01   1.0903996e+00   3.9633262e-01
   2.8310000e+03   2.5960036e-01   9.5366738e-01   1.0903996e+00   3.9633262e-01
   2.8410000e+03   2.5960036e-01   9.5366738e-01   1.0903996e+00   3.9633262e-01
   2.8510000e+03   2.5960036e-01   9.5366738e-01   1.0903996e+00   3.9633262e-01
   2.8610000e+03   2.5960036e-01   9.5366738e-01   1.0903996e+00   3.9633262e-01
   2.8710000e+03   2.5960036e-01   9.5366738e-01   1.0903996e+00   3.9633262e-01
   2.8810000e+03   2.5960036e-01   9.5366738e-01   1.0903996e+00   3.9633262e-01
   2.8910000e+03   2.5960036e-01   9.5366738e-01   1.0903996e+00   3.9633262e-01
   2.9010000e+03   2.5960036e-01   9.5366738e-01   1.0903996e+00   3.9633262e-01
   2.9110000e+03   2.5960036e-01   9.5366738e-01   1.0903996e+00   3.9633262e-01
   2.9210000e+03   2.5960036e-01   9.5366738e-01   1.0903996e+00   3.9633262e-01
   2.9310000e+03   2.5960036e-01   9.5366738e-01   1.0903996e+00   3.9633262e-01
   2.9410000e+03   2.5960036e-01   9.5366738e-01   1.0903996e+00   3.9633262e-01
   2.9510000e+03   2.5960036e-01   9.5366738e-01   1.0903996e+00   3.9633262e-01
   2.9610000e+03   2.5960036e-01   9.5366738e-01   1.0903996e+00   3.9633262e-01
   2.9710000e+03   2.5960036e-01   9.5366738e-01   1.0903996e+00   3.9633262e-01
   2.9810000e+03   2.5960036e-01   9.5366738e-01   1.0903996e+00   3.9633262e-01
   2.9910000e+03   2.5960036e-01   9.5366738e-01   1.0903996e+00   3.9633262e-01
   3.0010000e+03   2.5960036e-01   9.5366738e-01   1.0903996e+00   3.9633262e-01
   3.0110000e+03   2.5960036e-01   9.5366738e-01   1.0903996e+00   3.9633262e-01
   3.0210000e+03   2.5960036e-01   9.5366738e-01   1.0903996e+00   3.9633262e-01
   3.0310000e+03   2.5960036e-01   9.5366738e-01   1.0903996e+00   3.9633262e-01
   3.0410000e+03   2.5960036e-01   9.5366738e-01   1.0903996e+00   3.9633262e-01
   3.0510000e+03   2.5960036e-01   9.5366738e-01   1.0903996e+00   3.9633262e-01
   3.0610000e+03   2.5960036e-01   9.5366738e-01   1.0903996e+00   3.9633262e-01
   3.0710000e+03   2.5960036e-01   9.5366738e-01   1.0903996e+00   3.9633262e-01
   3.0810000e+03   2.5960036e-01   9.5366738e-01   1.0903996e+00   3.9633262e-01
   3.0910000e+03   2.5960036e-01   9.5366738e-01   1.0903996e+00   3.9633262e-01
   3.1010000e+03   2.5960036e-01   9.5366738e-01   1.0903996e+00   3.9633262e-01
   3.1110000e+03   2.5960036e-01   9.5366738e-01   1.0903996e+00   3.9633262e-01
   3.1210000e+03   2.5960036e-01   9.5366738e-01   1.0903996e+00   3.9633262e-01
   3.1310000e+03   2.5960036e-01   9.5366738e-01   1.0903996e+00   3.9633262e-01
   3.1410000e+03   2.5960036e-01   9.5366738e-01   1.0903996e+00   3.9633262e-01
   3.1510000e+03   2.5960036e-01   9.5366738e-01   1.0903996e+00   3.9633262e-01
   3.1610000e+03   2.5960036e-01   9.5366738e-01   1.0903996e+00   3.9633262e-01
   3.1710000e+03   2.5960036e-01   9.5366738e-01   1.0903996e+00   3.9633262e-01
   3.1810000e+03   2.5960036e-01   9.5366738e-01   1.0903996e+00   3.9633262e-01
   3.1910000e+03   2.5960036e-01   9.5366738e-01   1.0903996e+00   3.9633262e-01
   3.2010000e+03   2.5960036e-01   9.5366738e-01   1.0903996e+00   3.9633262e-01
   3.2110000e+03   2.5960036e-01   9.5366738e-01   1.0903996e+00   3.9633262e-01
   3.2210000e+03   2.5960036e-01   9.5366738e-01   1.0903996e+00   3.9633262e-01
   3.2310000e+03   2.5960036e-01   9.5366738e-01   1.0903996e+00   3.9633262e-01
   3.2410000e+03   2.5960036e-01   9.5366738e-01   1.0903996e+00   3.9633262e-01
   3.2510000e+03   2.5960036e-01   9.5366738e-01   1.0903996e+00   3.9633262e-01
   3.2610000e+03   2.5960036e-01   9.5366738e-01   1.0903996e+00   3.9633262e-01
   3.2710000e+03   2.5960036e-01   9.5366738e-01   1.0903996e+00   3.9633262e-01
   3.2810000e+03   2.5960036e-01   9.5366738e-01   1.0903996e+00   3.9633262e-01
   3.2910000e+03   2.5960036e-01   9.5366738e-01   1.0903996e+00   3.9633262e-01
   3.3010000e+03   2.5960036e-01   9.5366738e-01   1.0903996e+00   3.9633262e-01
   3.3110000e+03   2.5960036e-01   9.5366738e-01   1.0903996e+00   3.9633262e-01
   3.3210000e+03   2.5960036e-01   9.5366738e-01   1.0903996e+00   3.9633262e-01
   3.3310000e+03   2.5960036e-01   9.5366738e-01   1.0903996e+00   3.9633262e-01
   3.3410000e+03   2.5960036e-01   9.5366738e-01   1.0903996e+00   3.9633262e-01
   3.3510000e+03   2.5960036e-01   9.5366738e-01   1.0903996e+00   3.9633262e-01
   3.3610000e+03   2.5960036e-01   9.5366738e-01   1.0903996e+00   3.9633262e-01
   3.3710000e+03   2.5960036e-01   9.5366738e-01   1.0903996e+00   3.9633262e-01
   3.3810000e+03   2.5960036e-01   9.5366738e-01   1.0903996e+00   3.9633262e-01
   3.3910000e+03   2.5960036e-01   9.5366738e-01   1.0903996e+00   3.9633262e-01
   3.4010000e+03   2.5960036e-01   9.5366738e-01   1.0903996e+00   3.9633262e-01
   3.4110000e+03   2.5960036e-01   9.5366738e-01   1.0903996e+00   3.9633262e-01
   3.4210000e+03   2.5960036e-01   9.5366738e-01   1.0903996e+00   3.9633262e-01
   3.4310000e+03   2.5960036e-01   9.5366738e-01   1.0903996e+00   3.9633262e-01
   3.4410000e+03   2.5960036e-01   9.5366738e-01   1.0903996e+00   3.9633262e-01
   3.4510000e+03   2.5960036e-01   9.5366738e-01   1.0903996e+00   3.9633262e-01
   3.4610000e+03   2.5960036e-01   9.5366738e-01   1.0903996e+00   3.9633262e-01
   3.4710000e+03   2.5960036e-01   9.5366738e-01   1.0903996e+00   3.9633262e-01
   3.4810000e+03   2.5960036e-01   9.5366738e-01   1.0903996e+00   3.9633262e-01
   3.4910000e+03   2.5960036e-01   9.5366738e-01   1.0903996e+00   3.9633262e-01
   3.5010000e+03   2.5960036e-01   9.5366738e-01   1.0903996e+00   3.9633262e-01
   3.5110000e+03   2.5960036e-01   9.5366738e-01   1.0903996e+00   3.9633262e-01
   3.5210000e+03   2.5960036e-01   9.5366738e-01   1.0903996e+00   3.9633262e-01
   3.5310000e+03   2.5960036e-01   9.5366738e-01   1.0903996e+00   3.9633262e-01
   3.5410000e+03   2.5960036e-01   9.5366738e-01   1.0903996e+00   3.9633262e-01
   3.5510000e+03   2.5960036e-01   9.5366738e-01   1.0903996e+00   3.9633262e-01
   3.5610000e+03   2.5960036e-01   9.5366738e-01   1.0903996e+00   3.9633262e-01
   3.5710000e+03   2.5960036e-01   9.5366738e-01   1.0903996e+00   3.9633262e-01
   3.5810000e+03   2.5960036e-01   9.5366738e-01   1.0903996e+00   3.9633262e-01
   3.5910000e+03   2.5960036e-01   9.5366738e-01   1.0903996e+00   3.9633262e-01
   3.6010000e+03   2.5960036e-01   9.5366738e-01   1.0903996e+00   3.9633262e-01
   3.6110000e+03   2.5960036e-01   9.5366738e-01   1.0903996e+00   3.9633262e-01
   3.6210000e+03   2.5960036e-01   9.5366738e-01   1.0903996e+00   3.9633262e-01
   3.6310000e+03   2.5960036e-01   9.5366738e-01   1.0903996e+00   3.9633262e-01
   3.6410000e+03   2.5960036e-01   9.5366738e-01   1.0903996e+00   3.9633262e-01
   3.6510000e+03   2.5960036e-01   9.5366738e-01   1.0903996e+00   3.9633262e-01
   3.6610000e+03   2.5960036e-01   9.5366738e-01   1.0903996e+00   3.9633262e-01
   3.6710000e+03   2.5960036e-01   9.5366738e-01   1.0903996e+00   3.9633262e-01
   3.6810000e+03   2.5960036e-01   9.5366738e-01   1.0903996e+00   3.9633262e-01
   3.6910000e+03   2.5960036e-01   9.5366738e-01   1.0903996e+00   3.9633262e-01
   3.7010000e+03   2.5960036e-01   9.5366738e-01   1.0903996e+00   3.9633262e-01
   3.7110000e+03   2.5960036e-01   9.5366738e-01   1.0903996e+00   3.9633262e-01
   3.7210000e+03   2.5960036e-01   9.5366738e-01   1.0903996e+00   3.9633262e-01
   3.7310000e+03   2.5960036e-01   9.5366738e-01   1.0903996e+00   3.9633262e-01
   3.7410000e+03   2.5960036e-01   9.5366738e-01   1.0903996e+00   3.9633262e-01
   3.7510000e+03   2.5960036e-01   9.5366738e-01   1.0903996e+00   3.9633262e-01
   3.7610000e+03   2.5960036e-01   9.5366738e-01   1.0903996e+00   3.9633262e-01
   3.7710000e+03   2.5960036e-01   9.5366738e-01   1.0903996e+00   3.9633262e-01
   3.7810000e+03   2.5960036e-01   9.5366738e-01   1.0903996e+00   3.9633262e-01
   3.7910000e+03   2.5960036e-01   9.5366738e-01   1.0903996e+00   3.9633262e-01
   3.8010000e+03   2.5960036e-01   9.5366738e-01   1.0903996e+00   3.9633262e-01
   3.8110000e+03   2.5960036e-01   9.5366738e-01   1.0903996e+00   3.9633262e-01
   3.8210000e+03   2.5960036e-01   9.5366738e-01   1.0903996e+00   3.9633262e-01
   3.8310000e+03   2.5960036e-01   9.5366738e-01   1.0903996e+00   3.9633262e-01
   3.8410000e+03   2.5960036e-01   9.5366738e-01   1.0903996e+00   3.9633262e-01
   3.8510000e+03   2.5960036e-01   9.5366738e-01   1.0903996e+00   3.9633262e-01
   3.8610000e+03   2.5960036e-01   9.5366738e-01   1.0903996e+00   3.9633262e-01
   3.8710000e+03   2.5960036e-01   9.5366738e-01   1.0903996e+00   3.9633262e-01
   3.8810000e+03   2.5960036e-01   9.5366738e-01   1.0903996e+00   3.9633262e-01
   3.8910000e+03   2.5960036e-01   9.5366738e-01   1.0903996e+00   3.9633262e-01
   3.9010000e+03   2.5960036e-01   9.5366738e-01   1.0903996e+00   3.9633262e-01
   3.9110000e+03   2.5960036e-01   9.5366738e-01   1.0903996e+00   3.9633262e-01
   3.9210000e+03   2.5960036e-01   9.5366738e-01   1.0903996e+00   3.9633262e-01
   3.9310000e+03   2.5960036e-01   9.5366738e-01   1.0903996e+00   3.9633262e-01
   3.9410000e+03   2.5960036e-01   9.5366738e-01   1.0903996e+00   3.9633262e-01
   3.9510000e+03   2.5960036e-01   9.5366738e-01   1.0903996e+00   3.9633262e-01
   3.9610000e+03   2.5960036e-01   9.5366738e-01   1.0903996e+00   3.9633262e-01
   3.9710000e+03   2.5960036e-01   9.5366738e-01   1.0903996e+00   3.9633262e-01
   3.9810000e+03   2.5960036e-01   9.5366738e-01   1.0903996e+00   3.9633262e-01
   3.9910000e+03   2.5960036e-01   9.5366738e-01   1.0903996e+00   3.9633262e-01
   4.0010000e+03   2.5960036e-01   9.5366738e-01   9.4524385e-01   3.4357217e-01
   4.0110000e+03   2.5928888e-01   9.5829893e-01   9.4967350e-01   3.4168741e-01
   4.0210000e+03   2.5734318e-01   9.6821879e-01   9.5645089e-01   3.3670428e-01
   4.0310000e+03   2.5413419e-01   9.8016235e-01   9.6429141e-01   3.3018838e-01
   4.0410000e+03   2.5035794e-01   9.9244961e-01   9.7252844e-01   3.2295687e-01
   4.0510000e+03   2.4644415e-01   1.0043545e+00   9.8080475e-01   3.1545885e-01
   4.0610000e+03   2.4260142e-01   1.0156108e+00   9.8892754e-01   3.0794772e-01
   4.0710000e+03   2.3891681e-01   1.0261532e+00   9.9679480e-01   3.0056740e-01
   4.0810000e+03   2.3541930e-01   1.0359974e+00   1.0043558e+00   2.9339844e-01
   4.0910000e+03   2.3211219e-01   1.0451886e+00   1.0115893e+00   2.8648378e-01
   4.1010000e+03   2.2898830e-01   1.0537794e+00   1.0184910e+00   2.7984373e-01
   4.1110000e+03   2.2603667e-01   1.0618218e+00   1.0250665e+00   2.7348487e-01
   4.1210000e+03   2.2324553e-01   1.0693637e+00   1.0313266e+00   2.6740544e-01
   4.1310000e+03   2.2060340e-01   1.0764485e+00   1.0372852e+00   2.6159869e-01
   4.1410000e+03   2.1809956e-01   1.0831150e+00   1.0429573e+00   2.5605502e-01
   4.1510000e+03   2.1572413e-01   1.0893979e+00   1.0483583e+00   2.5076327e-01
   4.1610000e+03   2.1346810e-01   1.0953280e+00   1.0535036e+00   2.4571156e-01
   4.1710000e+03   2.1132326e-01   1.1009333e+00   1.0584078e+00   2.4088784e-01
   4.1810000e+03   2.0928208e-01   1.1062387e+00   1.0630852e+00   2.3628019e-01
   4.1910000e+03   2.0733771e-01   1.1112665e+00   1.0675489e+00   2.3187706e-01
   4.2010000e+03   2.0548388e-01   1.1160371e+00   1.0718115e+00   2.2766735e-01
   4.2110000e+03   2.0371482e-01   1.1205689e+00   1.0758847e+00   2.2364050e-01
   4.2210000e+03   2.0202526e-01   1.1248784e+00   1.0797795e+00   2.1978653e-01
   4.2310000e+03   2.0041031e-01   1.1289808e+00   1.0835062e+00   2.1609599e-01
   4.2410000e+03   1.9886550e-01   1.1328900e+00   1.0870742e+00   2.1256001e-01
   4.2510000e+03   1.9738669e-01   1.1366186e+00   1.0904924e+00   2.0917025e-01
   4.2610000e+03   1.9597005e-01   1.1401781e+00   1.0937693e+00   2.0591888e-01
   4.2710000e+03   1.9461204e-01   1.1435791e+00   1.0969124e+00   2.0279856e-01
   4.2810000e+03   1.9330937e-01   1.1468314e+00   1.0999291e+00   1.9980240e-01
   4.2910000e+03   1.9205899e-01   1.1499440e+00   1.1028260e+00   1.9692396e-01
   4.3010000e+03   1.9085806e-01   1.1529250e+00   1.1056094e+00   1.9415718e-01
   4.3110000e+03   1.8970396e-01   1.1557822e+00   1.1082854e+00   1.9149639e-01
   4.3210000e+03   1.8859421e-01   1.1585226e+00   1.1108592e+00   1.8893626e-01
   4.3310000e+03   1.8752652e-01   1.1611528e+00   1.1133362e+00   1.8647179e-01
   4.3410000e+03   1.8649876e-01   1.1636788e+00   1.1157211e+00   1.8409829e-01
   4.3510000e+03   1.8550891e-01   1.1661062e+00   1.1180185e+00   1.8181134e-01
   4.3610000e+03   1.8455510e-01   1.1684404e+00   1.1202326e+00   1.7960680e-01
   4.3710000e+03   1.8363558e-01   1.1706862e+00   1.1223674e+00   1.7748076e-01
   4.3810000e+03   1.8274870e-01   1.1728481e+00   1.1244266e+00   1.7542957e-01
   4.3910000e+03   1.8189291e-01   1.1749304e+00   1.1264139e+00   1.7344974e-01
   4.4010000e+03   1.8106675e-01   1.1769371e+00   1.1283324e+00   1.7153803e-01
   4.4110000e+03   1.8026887e-01   1.1788719e+00   1.1301855e+00   1.6969136e-01
   4.4210000e+03   1.7949798e-01   1.1807382e+00   1.1319759e+00   1.6790683e-01
   4.4310000e+03   1.7875286e-01   1.1825394e+00   1.1337064e+00   1.6618170e-01
   4.4410000e+03   1.7803238e-01   1.1842786e+00   1.1353798e+00   1.6451338e-01
   4.4510000e+03   1.7733545e-01   1.1859584e+00   1.1369985e+00   1.6289942e-01
   4.4610000e+03   1.7666106e-01   1.1875818e+00   1.1385648e+00   1.6133750e-01
   4.4710000e+03   1.7600825e-01   1.1891512e+00   1.1400810e+00   1.5982545e-01
   4.4810000e+03   1.7537612e-01   1.1906691e+00   1.1415491e+00   1.5836117e-01
   4.4910000e+03   1.7476379e-01   1.1921376e+00   1.1429711e+00   1.5694270e-01
   4.5010000e+03   1.7417045e-01   1.1935590e+00   1.1443490e+00   1.5556818e-01
   4.5110000e+03   1.7359534e-01   1.1949352e+00   1.1456845e+00   1.5423584e-01
   4.5210000e+03   1.7303772e-01   1.1962681e+00   1.1469793e+00   1.5294399e-01
   4.5310000e+03   1.7249690e-01   1.1975596e+00   1.1482350e+00   1.5169105e-01
   4.5410000e+03   1.7197222e-01   1.1988114e+00   1.1494532e+00   1.5047548e-01
   4.5510000e+03   1.7146305e-01   1.2000250e+00   1.1506353e+00   1.4929586e-01
   4.5610000e+03   1.7096879e-01   1.2012020e+00   1.1517826e+00   1.4815081e-01
   4.5710000e+03   1.7048889e-01   1.2023439e+00   1.1528966e+00   1.4703901e-01
   4.5810000e+03   1.7002279e-01   1.2034520e+00   1.1539785e+00   1.4595923e-01
   4.5910000e+03   1.6957000e-01   1.2045276e+00   1.1550294e+00   1.4491029e-01
   4.6010000e+03   1.6913001e-01   1.2055720e+00   1.1560504e+00   1.4389105e-01
   4.6110000e+03   1.6870237e-01   1.2065863e+00   1.1570428e+00   1.4290043e-01
   4.6210000e+03   1.6828662e-01   1.2075717e+00   1.1580075e+00   1.4193740e-01
   4.6310000e+03   1.6788235e-01   1.2085293e+00   1.1589455e+00   1.4100099e-01
   4.6410000e+03   1.6748915e-01   1.2094600e+00   1.1598577e+00   1.4009025e-01
   4.6510000e+03   1.6710663e-01   1.2103649e+00   1.1607451e+00   1.3920429e-01
   4.6610000e+03   1.6673443e-01   1.2112449e+00   1.1616085e+00   1.3834225e-01
   4.6710000e+03   1.6637218e-01   1.2121008e+00   1.1624487e+00   1.3750331e-01
   4.6810000e+03   1.6601955e-01   1.2129335e+00   1.1632666e+00   1.3668668e-01
   4.6910000e+03   1.6567622e-01   1.2137438e+00   1.1640628e+00   1.3589163e-01
   4.7010000e+03   1.6534188e-01   1.2145324e+00   1.1648382e+00   1.3511741e-01
   4.7110000e+03   1.6501622e-01   1.2153002e+00   1.1655933e+00   1.3436336e-01
   4.7210000e+03   1.6469898e-01   1.2160478e+00   1.1663288e+00   1.3362881e-01
   4.7310000e+03   1.6438986e-01   1.2167759e+00   1.1670455e+00   1.3291311e-01
   4.7410000e+03   1.6408862e-01   1.2174852e+00   1.1677439e+00   1.3221568e-01
   4.7510000e+03   1.6379500e-01   1.2181761e+00   1.1684245e+00   1.3153592e-01
   4.7610000e+03   1.6350875e-01   1.2188495e+00   1.1690880e+00   1.3087327e-01
   4.7710000e+03   1.6322966e-01   1.2195057e+00   1.1697349e+00   1.3022721e-01
   4.7810000e+03   1.6295749e-01   1.2201454e+00   1.1703657e+00   1.2959720e-01
   4.7910000e+03   1.6269203e-01   1.2207691e+00   1.1709809e+00   1.2898276e-01
   4.8010000e+03   1.6243308e-01   1.2213773e+00   1.1715810e+00   1.2838341e-01
   4.8110000e+03   1.6218044e-01   1.2219704e+00   1.1721664e+00   1.2779869e-01
   4.8210000e+03   1.6193393e-01   1.2225490e+00   1.1727376e+00   1.2722816e-01
   4.8310000e+03   1.6169335e-01   1.2231134e+00   1.1732950e+00   1.2667140e-01
   4.8410000e+03   1.6145853e-01   1.2236642e+00   1.1738390e+00   1.2612799e-01
   4.8510000e+03   1.6122930e-01   1.2242016e+00   1.1743700e+00   1.2559754e-01
   4.8610000e+03   1.6100550e-01   1.2247262e+00   1.1748884e+00   1.2507968e-01
   4.8710000e+03   1.6078698e-01   1.2252383e+00   1.1753946e+00   1.2457404e-01
   4.8810000e+03   1.6057357e-01   1.2257382e+00   1.1758889e+00   1.2408027e-01
   4.8910000e+03   1.6036514e-01   1.2262264e+00   1.1763717e+00   1.2359803e-01
   4.9010000e+03   1.6016154e-01   1.2267031e+00   1.1768432e+00   1.2312698e-01
   4.9110000e+03   1.5996264e-01   1.2271686e+00   1.1773038e+00   1.2266683e-01
   4.9210000e+03   1.5976831e-01   1.2276234e+00   1.1777539e+00   1.2221725e-01
   4.9310000e+03   1.5957842e-01   1.2280677e+00   1.1781936e+00   1.2177796e-01
   4.9410000e+03   1.5939284e-01   1.2285018e+00   1.1786233e+00   1.2134867e-01
   4.9510000e+03   1.5921146e-01   1.2289259e+00   1.1790433e+00   1.2092911e-01
   4.9610000e+03   1.5903417e-01   1.2293404e+00   1.1794538e+00   1.2051902e-01
   4.9710000e+03   1.5886086e-01   1.2297456e+00   1.1798550e+00   1.2011813e-01
   4.9810000e+03   1.5869141e-01   1.2301416e+00   1.1802473e+00   1.1972620e-01
   4.9910000e+03   1.5852572e-01   1.2305287e+00   1.1806309e+00   1.1934299e-01
   5.0010000e+03   1.5836371e-01   1.2309072e+00   1.1810060e+00   1.1896827e-01
   5.0110000e+03   1.5820526e-01   1.2312773e+00   1.1813727e+00   1.1860182e-01
   5.0210000e+03   1.5805029e-01   1.2316392e+00   1.1817315e+00   1.1824341e-01
   5.0310000e+03   1.5789870e-01   1.2319932e+00   1.1820823e+00   1.1789285e-01
   5.0410000e+03   1.5775041e-01   1.2323393e+00   1.1824256e+00   1.1754992e-01
   5.0510000e+03   1.5760533e-01   1.2326780e+00   1.1827614e+00   1.1721443e-01
   5.0610000e+03   1.5746339e-01   1.2330092e+00   1.1830899e+00   1.1688619e-01
   5.0710000e+03   1.5732450e-01   1.2333333e+00   1.1834113e+00   1.1656501e-01
   5.0810000e+03   1.5718858e-01   1.2336504e+00   1.1837259e+00   1.1625072e-01
   5.0910000e+03   1.5705556e-01   1.2339607e+00   1.1840337e+00   1.1594315e-01
   5.1010000e+03   1.5692537e-01   1.2342643e+00   1.1843350e+00   1.1564212e-01
   5.1110000e+03   1.5679794e-01   1.2345615e+00   1.1846299e+00   1.1534747e-01
   5.1210000e+03   1.5667320e-01   1.2348524e+00   1.1849186e+00   1.1505905e-01
   5.1310000e+03   1.5655108e-01   1.2351371e+00   1.1852011e+00   1.1477670e-01
   5.1410000e+03   1.5643152e-01   1.2354158e+00   1.1854778e+00   1.1450027e-01
   5.1510000e+03   1.5631446e-01   1.2356887e+00   1.1857486e+00   1.1422962e-01
   5.1610000e+03   1.5619983e-01   1.2359558e+00   1.1860139e+00   1.1396461e-01
   5.1710000e+03   1.5608759e-01   1.2362174e+00   1.1862736e+00   1.1370511e-01
   5.1810000e+03   1.5597766e-01   1.2364735e+00   1.1865279e+00   1.1345098e-01
   5.1910000e+03   1.5587000e-01   1.2367243e+00   1.1867770e+00   1.1320209e-01
   5.2010000e+03   1.5576456e-01   1.2369700e+00   1.1870209e+00   1.1295832e-01
   5.2110000e+03   1.5566127e-01   1.2372105e+00   1.1872599e+00   1.1271954e-01
   5.2210000e+03   1.5556009e-01   1.2374462e+00   1.1874940e+00   1.1248565e-01
   5.2310000e+03   1.5546098e-01   1.2376770e+00   1.1877233e+00   1.1225653e-01
   5.2410000e+03   1.5536388e-01   1.2379031e+00   1.1879479e+00   1.1203206e-01
   5.2510000e+03   1.5526874e-01   1.2381246e+00   1.1881680e+00   1.1181214e-01
   5.2610000e+03   1.5517552e-01   1.2383417e+00   1.1883836e+00   1.1159666e-01
   5.2710000e+03   1.5508418e-01   1.2385543e+00   1.1885949e+00   1.1138553e-01
   5.2810000e+03   1.5499468e-01   1.2387627e+00   1.1888020e+00   1.1117864e-01
   5.2910000e+03   1.5490697e-01   1.2389668e+00   1.1890048e+00   1.1097589e-01
   5.3010000e+03   1.5482101e-01   1.2391669e+00   1.1892037e+00   1.1077719e-01
   5.3110000e+03   1.5473676e-01   1.2393629e+00   1.1893986e+00   1.1058246e-01
   5.3210000e+03   1.5465418e-01   1.2395551e+00   1.1895896e+00   1.1039159e-01
   5.3310000e+03   1.5457325e-01   1.2397434e+00   1.1897768e+00   1.1020451e-01
   5.3410000e+03   1.5449391e-01   1.2399280e+00   1.1899603e+00   1.1002113e-01
   5.3510000e+03   1.5441614e-01   1.2401090e+00   1.1901402e+00   1.0984137e-01
   5.3610000e+03   1.5433989e-01   1.2402864e+00   1.1903165e+00   1.0966515e-01
   5.3710000e+03   1.5426515e-01   1.2404602e+00   1.1904894e+00   1.0949239e-01
   5.3810000e+03   1.5419186e-01   1.2406307e+00   1.1906589e+00   1.0932301e-01
   5.3910000e+03   1.5412001e-01   1.2407978e+00   1.1908251e+00   1.0915694e-01
   5.4010000e+03   1.5404956e-01   1.2409617e+00   1.1909880e+00   1.0899411e-01
   5.4110000e+03   1.5398048e-01   1.2411223e+00   1.1911478e+00   1.0883445e-01
   5.4210000e+03   1.5391274e-01   1.2412799e+00   1.1913044e+00   1.0867789e-01
   5.4310000e+03   1.5384631e-01   1.2414344e+00   1.1914581e+00   1.0852436e-01
   5.4410000e+03   1.5378117e-01   1.2415858e+00   1.1916087e+00   1.0837381e-01
   5.4510000e+03   1.5371728e-01   1.2417344e+00   1.1917565e+00   1.0822615e-01
   5.4610000e+03   1.5365462e-01   1.2418801e+00   1.1919014e+00   1.0808134e-01
   5.4710000e+03   1.5359317e-01   1.2420229e+00   1.1920435e+00   1.0793931e-01
   5.4810000e+03   1.5353289e-01   1.2421631e+00   1.1921829e+00   1.0780001e-01
   5.4910000e+03   1.5347377e-01   1.2423005e+00   1.1923196e+00   1.0766337e-01
   5.5010000e+03   1.5341578e-01   1.2424353e+00   1.1924538e+00   1.0752934e-01
   5.5110000e+03   1.5335889e-01   1.2425676e+00   1.1925853e+00   1.0739787e-01
   5.5210000e+03   1.5330308e-01   1.2426973e+00   1.1927144e+00   1.0726890e-01
   5.5310000e+03   1.5324834e-01   1.2428245e+00   1.1928410e+00   1.0714238e-01
   5.5410000e+03   1.5319463e-01   1.2429494e+00   1.1929652e+00   1.0701825e-01
   5.5510000e+03   1.5314194e-01   1.2430718e+00   1.1930870e+00   1.0689648e-01
   5.5610000e+03   1.5309024e-01   1.2431920e+00   1.1932066e+00   1.0677701e-01
   5.5710000e+03   1.5303952e-01   1.2433099e+00   1.1933239e+00   1.0665980e-01
   5.5810000e+03   1.5298975e-01   1.2434255e+00   1.1934389e+00   1.0654479e-01
   5.5910000e+03   1.5294092e-01   1.2435390e+00   1.1935519e+00   1.0643194e-01
   5.6010000e+03   1.5289301e-01   1.2436503e+00   1.1936627e+00   1.0632121e-01
   5.6110000e+03   1.5284599e-01   1.2437596e+00   1.1937714e+00   1.0621256e-01
   5.6210000e+03   1.5279985e-01   1.2438668e+00   1.1938781e+00   1.0610594e-01
   5.6310000e+03   1.5275458e-01   1.2439719e+00   1.1939828e+00   1.0600131e-01
   5.6410000e+03   1.5271015e-01   1.2440752e+00   1.1940855e+00   1.0589864e-01
   5.6510000e+03   1.5266655e-01   1.2441765e+00   1.1941863e+00   1.0579788e-01
   5.6610000e+03   1.5262375e-01   1.2442759e+00   1.1942853e+00   1.0569899e-01
   5.6710000e+03   1.5258176e-01   1.2443735e+00   1.1943824e+00   1.0560194e-01
   5.6810000e+03   1.5254054e-01   1.2444692e+00   1.1944777e+00   1.0550669e-01
   5.6910000e+03   1.5250008e-01   1.2445632e+00   1.1945712e+00   1.0541320e-01
   5.7010000e+03   1.5246038e-01   1.2446554e+00   1.1946630e+00   1.0532144e-01
   5.7110000e+03   1.5242141e-01   1.2447460e+00   1.1947532e+00   1.0523138e-01
   5.7210000e+03   1.5238315e-01   1.2448348e+00   1.1948416e+00   1.0514298e-01
   5.7310000e+03   1.5234560e-01   1.2449220e+00   1.1949284e+00   1.0505621e-01
   5.7410000e+03   1.5230874e-01   1.2450076e+00   1.1950137e+00   1.0497103e-01
   5.7510000e+03   1.5227256e-01   1.2450917e+00   1.1950973e+00   1.0488742e-01
   5.7610000e+03   1.5223704e-01   1.2451742e+00   1.1951795e+00   1.0480535e-01
   5.7710000e+03   1.5220218e-01   1.2452552e+00   1.1952601e+00   1.0472478e-01
   5.7810000e+03   1.5216795e-01   1.2453346e+00   1.1953392e+00   1.0464568e-01
   5.7910000e+03   1.5213435e-01   1.2454127e+00   1.1954169e+00   1.0456803e-01
   5.8010000e+03   1.5210136e-01   1.2454893e+00   1.1954932e+00   1.0449180e-01
   5.8110000e+03   1.5206897e-01   1.2455645e+00   1.1955681e+00   1.0441697e-01
   5.8210000e+03   1.5203718e-01   1.2456383e+00   1.1956416e+00   1.0434349e-01
   5.8310000e+03   1.5200596e-01   1.2457108e+00   1.1957138e+00   1.0427135e-01
   5.8410000e+03   1.5197531e-01   1.2457820e+00   1.1957846e+00   1.0420053e-01
   5.8510000e+03   1.5194522e-01   1.2458519e+00   1.1958542e+00   1.0413099e-01
   5.8610000e+03   1.5191567e-01   1.2459205e+00   1.1959225e+00   1.0406272e-01
   5.8710000e+03   1.5188666e-01   1.2459879e+00   1.1959896e+00   1.0399568e-01
   5.8810000e+03   1.5185818e-01   1.2460540e+00   1.1960555e+00   1.0392986e-01
   5.8910000e+03   1.5183021e-01   1.2461189e+00   1.1961201e+00   1.0386522e-01
   5.9010000e+03   1.5180274e-01   1.2461827e+00   1.1961836e+00   1.0380176e-01
   5.9110000e+03   1.5177578e-01   1.2462453e+00   1.1962460e+00   1.0373944e-01
   5.9210000e+03   1.5174929e-01   1.2463068e+00   1.1963072e+00   1.0367825e-01
   5.9310000e+03   1.5172329e-01   1.2463672e+00   1.1963673e+00   1.0361816e-01
   5.9410000e+03   1.5169775e-01   1.2464265e+00   1.1964264e+00   1.0355915e-01
   5.9510000e+03   1.5167268e-01   1.2464847e+00   1.1964844e+00   1.0350121e-01
   5.9610000e+03   1.5164805e-01   1.2465419e+00   1.1965413e+00   1.0344430e-01
   5.9710000e+03   1.5162387e-01   1.2465980e+00   1.1965972e+00   1.0338842e-01
   5.9810000e+03   1.5160012e-01   1.2466532e+00   1.1966521e+00   1.0333354e-01
   5.9910000e+03   1.5157680e-01   1.2467073e+00   1.1967060e+00   1.0327965e-01
   6.0010000e+03   1.5155389e-01   1.2467605e+00   1.1967590e+00   1.0322672e-01
   6.0110000e+03   1.5153140e-01   1.2468127e+00   1.1968110e+00   1.0317474e-01
   6.0210000e+03   1.5150930e-01   1.2468640e+00   1.1968621e+00   1.0312369e-01
   6.0310000e+03   1.5148761e-01   1.2469144e+00   1.1969123e+00   1.0307355e-01
   6.0410000e+03   1.5146630e-01   1.2469638e+00   1.1969615e+00   1.0302430e-01
   6.0510000e+03   1.5144537e-01   1.2470124e+00   1.1970099e+00   1.0297594e-01
   6.0610000e+03   1.5142481e-01   1.2470601e+00   1.1970574e+00   1.0292844e-01
   6.0710000e+03   1.5140462e-01   1.2471070e+00   1.1971041e+00   1.0288178e-01
   6.0810000e+03   1.5138479e-01   1.2471530e+00   1.1971500e+00   1.0283596e-01
   6.0910000e+03   1.5136531e-01   1.2471983e+00   1.1971950e+00   1.0279095e-01
   6.1010000e+03   1.5134618e-01   1.2472427e+00   1.1972392e+00   1.0274674e-01
   6.1110000e+03   1.5132739e-01   1.2472863e+00   1.1972827e+00   1.0270332e-01
   6.1210000e+03   1.5130893e-01   1.2473291e+00   1.1973254e+00   1.0266067e-01
   6.1310000e+03   1.5129080e-01   1.2473712e+00   1.1973673e+00   1.0261878e-01
   6.1410000e+03   1.5127299e-01   1.2474125e+00   1.1974085e+00   1.0257763e-01
   6.1510000e+03   1.5125550e-01   1.2474531e+00   1.1974489e+00   1.0253720e-01
   6.1610000e+03   1.5123832e-01   1.2474930e+00   1.1974886e+00   1.0249750e-01
   6.1710000e+03   1.5122144e-01   1.2475322e+00   1.1975277e+00   1.0245850e-01
   6.1810000e+03   1.5120486e-01   1.2475707e+00   1.1975660e+00   1.0242018e-01
   6.1910000e+03   1.5118857e-01   1.2476085e+00   1.1976036e+00   1.0238255e-01
   6.2010000e+03   1.5117257e-01   1.2476456e+00   1.1976406e+00   1.0234558e-01
   6.2110000e+03   1.5115685e-01   1.2476821e+00   1.1976770e+00   1.0230926e-01
   6.2210000e+03   1.5114142e-01   1.2477179e+00   1.1977127e+00   1.0227359e-01
   6.2310000e+03   1.5112625e-01   1.2477531e+00   1.1977477e+00   1.0223854e-01
   6.2410000e+03   1.5111135e-01   1.2477877e+00   1.1977822e+00   1.0220411e-01
   6.2510000e+03   1.5109671e-01   1.2478217e+00   1.1978160e+00   1.0217029e-01
   6.2610000e+03   1.5108234e-01   1.2478551e+00   1.1978493e+00   1.0213707e-01
   6.2710000e+03   1.5106821e-01   1.2478878e+00   1.1978819e+00   1.0210443e-01
   6.2810000e+03   1.5105433e-01   1.2479201e+00   1.1979140e+00   1.0207236e-01
   6.2910000e+03   1.5104070e-01   1.2479517e+00   1.1979455e+00   1.0204086e-01
   6.3010000e+03   1.5102731e-01   1.2479828e+00   1.1979765e+00   1.0200991e-01
   6.3110000e+03   1.5101415e-01   1.2480133e+00   1.1980069e+00   1.0197951e-01
   6.3210000e+03   1.5100122e-01   1.2480433e+00   1.1980368e+00   1.0194964e-01
   6.3310000e+03   1.5098852e-01   1.2480728e+00   1.1980662e+00   1.0192029e-01
   6.3410000e+03   1.5097605e-01   1.2481017e+00   1.1980950e+00   1.0189146e-01
   6.3510000e+03   1.5096379e-01   1.2481302e+00   1.1981233e+00   1.0186314e-01
   6.3610000e+03   1.5095174e-01   1.2481581e+00   1.1981512e+00   1.0183531e-01
   6.3710000e+03   1.5093991e-01   1.2481856e+00   1.1981785e+00   1.0180797e-01
   6.3810000e+03   1.5092829e-01   1.2482126e+00   1.1982054e+00   1.0178110e-01
   6.3910000e+03   1.5091687e-01   1.2482391e+00   1.1982318e+00   1.0175471e-01
   6.4010000e+03   1.5090564e-01   1.2482651e+00   1.1982578e+00   1.0172878e-01
   6.4110000e+03   1.5089462e-01   1.2482907e+00   1.1982833e+00   1.0170331e-01
   6.4210000e+03   1.5088379e-01   1.2483159e+00   1.1983083e+00   1.0167827e-01
   6.4310000e+03   1.5087314e-01   1.2483405e+00   1.1983329e+00   1.0165368e-01
   6.4410000e+03   1.5086269e-01   1.2483648e+00   1.1983571e+00   1.0162952e-01
   6.4510000e+03   1.5085241e-01   1.2483887e+00   1.1983808e+00   1.0160578e-01
   6.4610000e+03   1.5084232e-01   1.2484121e+00   1.1984042e+00   1.0158245e-01
   6.4710000e+03   1.5083240e-01   1.2484351e+00   1.1984271e+00   1.0155953e-01
   6.4810000e+03   1.5082265e-01   1.2484577e+00   1.1984496e+00   1.0153701e-01
   6.4910000e+03   1.5081308e-01   1.2484799e+00   1.1984718e+00   1.0151488e-01
   6.5010000e+03   1.5080367e-01   1.2485018e+00   1.1984935e+00   1.0149314e-01
   6.5110000e+03   1.5079442e-01   1.2485232e+00   1.1985149e+00   1.0147178e-01
   6.5210000e+03   1.5078534e-01   1.2485443e+00   1.1985359e+00   1.0145079e-01
   6.5310000e+03   1.5077641e-01   1.2485650e+00   1.1985565e+00   1.0143016e-01
   6.5410000e+03   1.5076764e-01   1.2485854e+00   1.1985768e+00   1.0140990e-01
   6.5510000e+03   1.5075903e-01   1.2486054e+00   1.1985967e+00   1.0138999e-01
   6.5610000e+03   1.5075056e-01   1.2486250e+00   1.1986163e+00   1.0137042e-01
   6.5710000e+03   1.5074224e-01   1.2486443e+00   1.1986356e+00   1.0135119e-01
   6.5810000e+03   1.5073406e-01   1.2486633e+00   1.1986545e+00   1.0133230e-01
   6.5910000e+03   1.5072603e-01   1.2486819e+00   1.1986730e+00   1.0131374e-01
   6.6010000e+03   1.5071813e-01   1.2487003e+00   1.1986913e+00   1.0129550e-01
   6.6110000e+03   1.5071038e-01   1.2487182e+00   1.1987092e+00   1.0127758e-01
   6.6210000e+03   1.5070276e-01   1.2487359e+00   1.1987268e+00   1.0125996e-01
   6.6310000e+03   1.5069527e-01   1.2487533e+00   1.1987442e+00   1.0124266e-01
   6.6410000e+03   1.5068791e-01   1.2487704e+00   1.1987612e+00   1.0122565e-01
   6.6510000e+03   1.5068068e-01   1.2487872e+00   1.1987779e+00   1.0120894e-01
   6.6610000e+03   1.5067357e-01   1.2488037e+00   1.1987943e+00   1.0119252e-01
   6.6710000e+03   1.5066659e-01   1.2488199e+00   1.1988105e+00   1.0117638e-01
   6.6810000e+03   1.5065972e-01   1.2488358e+00   1.1988263e+00   1.0116053e-01
   6.6910000e+03   1.5065298e-01   1.2488514e+00   1.1988419e+00   1.0114495e-01
   6.7010000e+03   1.5064636e-01   1.2488668e+00   1.1988572e+00   1.0112964e-01
   6.7110000e+03   1.5063984e-01   1.2488819e+00   1.1988723e+00   1.0111459e-01
   6.7210000e+03   1.5063345e-01   1.2488968e+00   1.1988871e+00   1.0109981e-01
   6.7310000e+03   1.5062716e-01   1.2489114e+00   1.1989016e+00   1.0108528e-01
   6.7410000e+03   1.5062098e-01   1.2489257e+00   1.1989159e+00   1.0107100e-01
   6.7510000e+03   1.5061491e-01   1.2489398e+00   1.1989299e+00   1.0105697e-01
   6.7610000e+03   1.5060894e-01   1.2489536e+00   1.1989437e+00   1.0104318e-01
   6.7710000e+03   1.5060308e-01   1.2489672e+00   1.1989573e+00   1.0102963e-01
   6.7810000e+03   1.5059732e-01   1.2489806e+00   1.1989706e+00   1.0101632e-01
   6.7910000e+03   1.5059165e-01   1.2489937e+00   1.1989837e+00   1.0100324e-01
   6.8010000e+03   1.5058609e-01   1.2490066e+00   1.1989966e+00   1.0099038e-01
   6.8110000e+03   1.5058062e-01   1.2490193e+00   1.1990092e+00   1.0097774e-01
   6.8210000e+03   1.5057525e-01   1.2490318e+00   1.1990216e+00   1.0096533e-01
   6.8310000e+03   1.5056997e-01   1.2490441e+00   1.1990338e+00   1.0095312e-01
   6.8410000e+03   1.5056478e-01   1.2490561e+00   1.1990458e+00   1.0094113e-01
   6.8510000e+03   1.5055968e-01   1.2490679e+00   1.1990576e+00   1.0092935e-01
   6.8610000e+03   1.5055467e-01   1.2490796e+00   1.1990692e+00   1.0091777e-01
   6.8710000e+03   1.5054974e-01   1.2490910e+00   1.1990806e+00   1.0090639e-01
   6.8810000e+03   1.5054490e-01   1.2491022e+00   1.1990918e+00   1.0089520e-01
   6.8910000e+03   1.5054014e-01   1.2491132e+00   1.1991028e+00   1.0088421e-01
   6.9010000e+03   1.5053547e-01   1.2491241e+00   1.1991136e+00   1.0087341e-01
   6.9110000e+03   1.5053088e-01   1.2491348e+00   1.1991242e+00   1.0086280e-01
   6.9210000e+03   1.5052636e-01   1.2491452e+00   1.1991347e+00   1.0085236e-01
   6.9310000e+03   1.5052193e-01   1.2491555e+00   1.1991449e+00   1.0084211e-01
   6.9410000e+03   1.5051757e-01   1.2491656e+00   1.1991550e+00   1.0083204e-01
   6.9510000e+03   1.5051328e-01   1.2491756e+00   1.1991649e+00   1.0082214e-01
   6.9610000e+03   1.5050907e-01   1.2491853e+00   1.1991746e+00   1.0081241e-01
   6.9710000e+03   1.5050493e-01   1.2491949e+00   1.1991842e+00   1.0080284e-01
   6.9810000e+03   1.5050086e-01   1.2492044e+00   1.1991936e+00   1.0079345e-01
   6.9910000e+03   1.5049687e-01   1.2492137e+00   1.1992028e+00   1.0078421e-01
   7.0010000e+03   1.5049294e-01   1.2492228e+00   1.1992119e+00   1.0077513e-01
   7.0110000e+03   1.5048908e-01   1.2492317e+00   1.1992208e+00   1.0076621e-01
   7.0210000e+03   1.5048529e-01   1.2492405e+00   1.1992296e+00   1.0075745e-01
   7.0310000e+03   1.5048156e-01   1.2492492e+00   1.1992382e+00   1.0074883e-01
   7.0410000e+03   1.5047789e-01   1.2492577e+00   1.1992467e+00   1.0074037e-01
   7.0510000e+03   1.5047429e-01   1.2492660e+00   1.1992550e+00   1.0073204e-01
   7.0610000e+03   1.5047075e-01   1.2492742e+00   1.1992632e+00   1.0072387e-01
   7.0710000e+03   1.5046727e-01   1.2492823e+00   1.1992713e+00   1.0071583e-01
   7.0810000e+03   1.5046386e-01   1.2492902e+00   1.1992792e+00   1.0070793e-01
   7.0910000e+03   1.5046050e-01   1.2492980e+00   1.1992869e+00   1.0070017e-01
   7.1010000e+03   1.5045720e-01   1.2493057e+00   1.1992946e+00   1.0069254e-01
   7.1110000e+03   1.5045395e-01   1.2493132e+00   1.1993021e+00   1.0068504e-01
   7.1210000e+03   1.5045076e-01   1.2493206e+00   1.1993094e+00   1.0067767e-01
   7.1310000e+03   1.5044763e-01   1.2493279e+00   1.1993167e+00   1.0067043e-01
   7.1410000e+03   1.5044455e-01   1.2493350e+00   1.1993238e+00   1.0066331e-01
   7.1510000e+03   1.5044152e-01   1.2493421e+00   1.1993308e+00   1.0065632e-01
   7.1610000e+03   1.5043855e-01   1.2493490e+00   1.1993377e+00   1.0064944e-01
   7.1710000e+03   1.5043562e-01   1.2493558e+00   1.1993444e+00   1.0064269e-01
   7.1810000e+03   1.5043275e-01   1.2493624e+00   1.1993511e+00   1.0063605e-01
   7.1910000e+03   1.5042992e-01   1.2493690e+00   1.1993576e+00   1.0062952e-01
   7.2010000e+03   1.5042715e-01   1.2493754e+00   1.1993640e+00   1.0062311e-01
   7.2110000e+03   1.5042442e-01   1.2493817e+00   1.1993703e+00   1.0061680e-01
   7.2210000e+03   1.5042174e-01   1.2493880e+00   1.1993765e+00   1.0061061e-01
   7.2310000e+03   1.5041910e-01   1.2493941e+00   1.1993826e+00   1.0060452e-01
   7.2410000e+03   1.5041651e-01   1.2494001e+00   1.1993886e+00   1.0059853e-01
   7.2510000e+03   1.5041397e-01   1.2494060e+00   1.1993945e+00   1.0059265e-01
   7.2610000e+03   1.5041147e-01   1.2494118e+00   1.1994003e+00   1.0058687e-01
   7.2710000e+03   1.5040901e-01   1.2494175e+00   1.1994060e+00   1.0058119e-01
   7.2810000e+03   1.5040659e-01   1.2494231e+00   1.1994116e+00   1.0057561e-01
   7.2910000e+03   1.5040422e-01   1.2494286e+00   1.1994170e+00   1.0057012e-01
   7.3010000e+03   1.5040188e-01   1.2494340e+00   1.1994224e+00   1.0056473e-01
   7.3110000e+03   1.5039959e-01   1.2494394e+00   1.1994277e+00   1.0055943e-01
   7.3210000e+03   1.5039733e-01   1.2494446e+00   1.1994330e+00   1.0055422e-01
   7.3310000e+03   1.5039512e-01   1.2494497e+00   1.1994381e+00   1.0054910e-01
   7.3410000e+03   1.5039294e-01   1.2494548e+00   1.1994431e+00   1.0054406e-01
   7.3510000e+03   1.5039080e-01   1.2494597e+00   1.1994481e+00   1.0053912e-01
   7.3610000e+03   1.5038870e-01   1.2494646e+00   1.1994529e+00   1.0053426e-01
   7.3710000e+03   1.5038663e-01   1.2494694e+00   1.1994577e+00   1.0052948e-01
   7.3810000e+03   1.5038460e-01   1.2494741e+00   1.1994624e+00   1.0052478e-01
   7.3910000e+03   1.5038260e-01   1.2494788e+00   1.1994670e+00   1.0052017e-01
   7.4010000e+03   1.5038064e-01   1.2494833e+00   1.1994716e+00   1.0051563e-01
   7.4110000e+03   1.5037871e-01   1.2494878e+00   1.1994760e+00   1.0051118e-01
   7.4210000e+03   1.5037681e-01   1.2494922e+00   1.1994804e+00   1.0050679e-01
   7.4310000e+03   1.5037495e-01   1.2494965e+00   1.1994847e+00   1.0050249e-01
   7.4410000e+03   1.5037312e-01   1.2495008e+00   1.1994889e+00   1.0049826e-01
   7.4510000e+03   1.5037132e-01   1.2495049e+00   1.1994931e+00   1.0049410e-01
   7.4610000e+03   1.5036955e-01   1.2495091e+00   1.1994972e+00   1.0049001e-01
   7.4710000e+03   1.5036781e-01   1.2495131e+00   1.1995012e+00   1.0048599e-01
   7.4810000e+03   1.5036610e-01   1.2495171e+00   1.1995052e+00   1.0048204e-01
   7.4910000e+03   1.5036442e-01   1.2495210e+00   1.1995091e+00   1.0047816e-01
   7.5010000e+03   1.5036277e-01   1.2495248e+00   1.1995129e+00   1.0047434e-01
   7.5110000e+03   1.5036115e-01   1.2495285e+00   1.1995166e+00   1.0047059e-01
   7.5210000e+03   1.5035955e-01   1.2495322e+00   1.1995203e+00   1.0046691e-01
   7.5310000e+03   1.5035798e-01   1.2495359e+00   1.1995239e+00   1.0046329e-01
   7.5410000e+03   1.5035644e-01   1.2495395e+00   1.1995275e+00   1.0045973e-01
   7.5510000e+03   1.5035493e-01   1.2495430e+00   1.1995310e+00   1.0045623e-01
   7.5610000e+03   1.5035344e-01   1.2495464e+00   1.1995344e+00   1.0045279e-01
   7.5710000e+03   1.5035198e-01   1.2495498e+00   1.1995378e+00   1.0044941e-01
   7.5810000e+03   1.5035054e-01   1.2495532e+00   1.1995411e+00   1.0044609e-01
   7.5910000e+03   1.5034913e-01   1.2495564e+00   1.1995444e+00   1.0044282e-01
   7.6010000e+03   1.5034774e-01   1.2495597e+00   1.1995476e+00   1.0043961e-01
   7.6110000e+03   1.5034637e-01   1.2495628e+00   1.1995508e+00   1.0043646e-01
   7.6210000e+03   1.5034503e-01   1.2495659e+00   1.1995539e+00   1.0043336e-01
   7.6310000e+03   1.5034371e-01   1.2495690e+00   1.1995569e+00   1.0043031e-01
   7.6410000e+03   1.5034242e-01   1.2495720e+00   1.1995599e+00   1.0042732e-01
   7.6510000e+03   1.5034114e-01   1.2495750e+00   1.1995629e+00   1.0042437e-01
   7.6610000e+03   1.5033989e-01   1.2495779e+00   1.1995658e+00   1.0042148e-01
   7.6710000e+03   1.5033866e-01   1.2495807e+00   1.1995686e+00   1.0041864e-01
   7.6810000e+03   1.5033745e-01   1.2495835e+00   1.1995714e+00   1.0041584e-01
   7.6910000e+03   1.5033626e-01   1.2495863e+00   1.1995742e+00   1.0041309e-01
   7.7010000e+03   1.5033509e-01   1.2495890e+00   1.1995769e+00   1.0041039e-01
   7.7110000e+03   1.5033395e-01   1.2495917e+00   1.1995795e+00   1.0040774e-01
   7.7210000e+03   1.5033282e-01   1.2495943e+00   1.1995821e+00   1.0040513e-01
   7.7310000e+03   1.5033171e-01   1.2495968e+00   1.1995847e+00   1.0040257e-01
   7.7410000e+03   1.5033062e-01   1.2495994e+00   1.1995872e+00   1.0040005e-01
   7.7510000e+03   1.5032955e-01   1.2496019e+00   1.1995897e+00   1.0039757e-01
   7.7610000e+03   1.5032849e-01   1.2496043e+00   1.1995921e+00   1.0039514e-01
   7.7710000e+03   1.5032746e-01   1.2496067e+00   1.1995945e+00   1.0039275e-01
   7.7810000e+03   1.5032644e-01   1.2496091e+00   1.1995969e+00   1.0039040e-01
   7.7910000e+03   1.5032544e-01   1.2496114e+00   1.1995992e+00   1.0038809e-01
   7.8010000e+03   1.5032446e-01   1.2496137e+00   1.1996014e+00   1.0038581e-01
   7.8110000e+03   1.5032349e-01   1.2496159e+00   1.1996037e+00   1.0038358e-01
   7.8210000e+03   1.5032254e-01   1.2496181e+00   1.1996059e+00   1.0038139e-01
   7.8310000e+03   1.5032161e-01   1.2496203e+00   1.1996080e+00   1.0037923e-01
   7.8410000e+03   1.5032069e-01   1.2496224e+00   1.1996102e+00   1.0037711e-01
   7.8510000e+03   1.5031979e-01   1.2496245e+00   1.1996122e+00   1.0037503e-01
   7.8610000e+03   1.5031890e-01   1.2496266e+00   1.1996143e+00   1.0037298e-01
   7.8710000e+03   1.5031803e-01   1.2496286e+00   1.1996163e+00   1.0037097e-01
   7.8810000e+03   1.5031717e-01   1.2496306e+00   1.1996183e+00   1.0036899e-01
   7.8910000e+03   1.5031633e-01   1.2496325e+00   1.1996202e+00   1.0036704e-01
   7.9010000e+03   1.5031551e-01   1.2496344e+00   1.1996221e+00   1.0036513e-01
   7.9110000e+03   1.5031469e-01   1.2496363e+00   1.1996240e+00   1.0036325e-01
   7.9210000e+03   1.5031389e-01   1.2496382e+00   1.1996259e+00   1.0036141e-01
   7.9310000e+03   1.5031311e-01   1.2496400e+00   1.1996277e+00   1.0035959e-01
   7.9410000e+03   1.5031234e-01   1.2496418e+00   1.1996295e+00   1.0035781e-01
   7.9510000e+03   1.5031158e-01   1.2496435e+00   1.1996312e+00   1.0035606e-01
   7.9610000e+03   1.5031083e-01   1.2496453e+00   1.1996329e+00   1.0035433e-01
   7.9710000e+03   1.5031010e-01   1.2496470e+00   1.1996346e+00   1.0035264e-01
   7.9810000e+03   1.5030938e-01   1.2496486e+00   1.1996363e+00   1.0035098e-01
   7.9910000e+03   1.5030867e-01   1.2496503e+00   1.1996379e+00   1.0034934e-01
